  
scheme FIXMAN 
dt 0.01 
time: [  0.     0.31   0.62   0.93   1.24   1.55   1.86   2.17   2.48   2.79
   3.1    3.41   3.72   4.03   4.34   4.65   4.96   5.27   5.58   5.89
   6.2    6.51   6.82   7.13   7.44   7.75   8.06   8.37   8.68   8.99
   9.3    9.61   9.92  10.23  10.54  10.85  11.16  11.47  11.78  12.09
  12.4   12.71  13.02  13.33  13.64  13.95  14.26  14.57  14.88  15.19
  15.5   15.81  16.12  16.43  16.74  17.05  17.36  17.67  17.98  18.29
  18.6   18.91  19.22  19.53  19.84  20.15  20.46  20.77  21.08  21.39
  21.7   22.01  22.32  22.63  22.94  23.25  23.56  23.87  24.18  24.49
  24.8   25.11  25.42  25.73  26.04  26.35  26.66  26.97  27.28  27.59
  27.9   28.21  28.52  28.83  29.14  29.45  29.76  30.07  30.38  30.69] 
MSD component: [ 0.          0.10693106  0.16683843  0.19985105  0.2174622   0.22568515
  0.22870856  0.2286857   0.22671144  0.22379485  0.22104484  0.21785364
  0.21423199  0.21054624  0.20739687  0.20364305  0.20168934  0.19848505
  0.19554385  0.19301575  0.19094365  0.18928689  0.18700474  0.18536175
  0.18310532  0.18189511  0.18052889  0.17932156  0.17806315  0.1765889
  0.17607793  0.17513997  0.17373722  0.1729929   0.17281482  0.17271758
  0.17224068  0.17207239  0.17139643  0.17135488  0.17177596  0.17238591
  0.17247738  0.17300335  0.17294364  0.17189824  0.17192496  0.17203184
  0.17127239  0.16975592  0.16860078  0.16671616  0.16677937  0.16668903
  0.16721646  0.16739502  0.16813703  0.16856082  0.16850131  0.16897843
  0.16858678  0.16823734  0.16727362  0.16694377  0.1673412   0.16669099
  0.16668738  0.16757587  0.16780928  0.16800221  0.16822997  0.16900209
  0.16897604  0.16824652  0.16729335  0.16700745  0.16766864  0.16754802
  0.16674631  0.16716881  0.16759251  0.16811632  0.16785009  0.16787392
  0.16785131  0.16841326  0.16933873  0.16955732  0.16962488  0.16935886
  0.16998979  0.16943922  0.16892214  0.16912783  0.169095    0.16931889
  0.16877349  0.16757379  0.16635619  0.16623018] 
Std Dev:  [ 0.          0.00113784  0.00172311  0.00168787  0.00186432  0.00213286
  0.0024127   0.00212315  0.00156922  0.00135917  0.00118658  0.00122514
  0.00119463  0.00064109  0.00037717  0.00106772  0.00102303  0.001446
  0.00147311  0.00157473  0.00162863  0.00171529  0.00179445  0.00179964
  0.0019017   0.0019635   0.00172386  0.00166034  0.00193076  0.00231758
  0.00216952  0.00238986  0.00239349  0.00260788  0.00277393  0.00285204
  0.00296019  0.00271101  0.00280381  0.00269597  0.00237787  0.00205241
  0.00207743  0.00226688  0.00200025  0.00223823  0.00202621  0.00170476
  0.00164939  0.00135484  0.00082714  0.00058911  0.00071423  0.00092495
  0.00117384  0.00144243  0.00164613  0.00168043  0.00218837  0.00246618
  0.00229192  0.00188659  0.00167003  0.00146708  0.00161315  0.00090128
  0.00027218  0.00077935  0.00097707  0.00138958  0.00154768  0.00169681
  0.00187661  0.00168023  0.00160838  0.00157664  0.00206264  0.00235671
  0.00248586  0.00225572  0.00179223  0.0015711   0.00174756  0.00217347
  0.00254857  0.00289216  0.00304857  0.00349465  0.00353159  0.00315154
  0.00305595  0.00293408  0.00251061  0.00218333  0.00217388  0.00157482
  0.00121424  0.00104051  0.00110169  0.00097859] 
