  
scheme FIXMAN 
dt 0.01 
time: [  0.    0.3   0.6   0.9   1.2   1.5   1.8   2.1   2.4   2.7   3.    3.3
   3.6   3.9   4.2   4.5   4.8   5.1   5.4   5.7   6.    6.3   6.6   6.9
   7.2   7.5   7.8   8.1   8.4   8.7   9.    9.3   9.6   9.9  10.2  10.5
  10.8  11.1  11.4  11.7  12.   12.3  12.6  12.9  13.2  13.5  13.8  14.1
  14.4  14.7  15.   15.3  15.6  15.9  16.2  16.5  16.8  17.1  17.4  17.7
  18.   18.3  18.6  18.9  19.2  19.5  19.8  20.1  20.4  20.7  21.   21.3
  21.6  21.9  22.2  22.5  22.8  23.1  23.4  23.7  24.   24.3  24.6  24.9
  25.2  25.5  25.8  26.1  26.4  26.7  27.   27.3  27.6  27.9  28.2  28.5
  28.8  29.1  29.4  29.7] 
MSD component: [ 0.          0.1064751   0.20954939  0.30609938  0.39886248  0.48840529
  0.5750217   0.66049133  0.74298232  0.82288622  0.90098941  0.97740535
  1.05205548  1.12479047  1.19547537  1.26401435  1.33130442  1.39777218
  1.4633131   1.52438418  1.58189971  1.63718077  1.69141448  1.74474618
  1.79504267  1.84368855  1.89224041  1.9399024   1.98589771  2.03131924
  2.0761398   2.11925232  2.16048181  2.20098862  2.24013494  2.27956675
  2.31914329  2.3557704   2.39045061  2.42298854  2.45431306  2.48660066
  2.51791966  2.55092452  2.58451663  2.61779382  2.65123928  2.6841373
  2.71636685  2.74694864  2.77711514  2.80707931  2.83774646  2.86796281
  2.89920916  2.93069296  2.96078422  2.99119822  3.01997464  3.04986892
  3.08102198  3.11245934  3.14377654  3.17319947  3.19918048  3.22570508
  3.25174468  3.27851293  3.30531391  3.33266905  3.36077975  3.38770969
  3.41256239  3.43820289  3.46344024  3.48825059  3.51375726  3.53779721
  3.56165455  3.5835907   3.60383517  3.62562828  3.65055469  3.67494353
  3.7002744   3.72403515  3.74684219  3.77111391  3.79342587  3.81549379
  3.83846449  3.86096598  3.88320075  3.90651145  3.93020828  3.95539619
  3.98088984  4.0070826   4.0323706   4.05819322] 
Std Dev:  [ 0.          0.00048983  0.00109926  0.00279928  0.00468338  0.00612329
  0.00729901  0.00854985  0.01017677  0.01157585  0.01190182  0.0126305
  0.01420609  0.01630675  0.01840287  0.02031022  0.02242891  0.023545
  0.02453915  0.02477478  0.02528262  0.02574672  0.02661329  0.02779579
  0.0291863   0.02980741  0.0293903   0.02854102  0.02695845  0.02547404
  0.02403233  0.02276987  0.02182671  0.0208742   0.02032713  0.02087572
  0.02270525  0.02537483  0.02839705  0.03134175  0.03390388  0.0364222
  0.03945896  0.04277225  0.04637032  0.05049362  0.05516656  0.05957388
  0.06427178  0.06812271  0.07153652  0.0752651   0.07971909  0.08435658
  0.0898459   0.09607502  0.10218506  0.10796405  0.11425991  0.12038513
  0.12555345  0.13052877  0.13545042  0.14095526  0.14591106  0.15076046
  0.15537756  0.15985094  0.16441798  0.16890845  0.1734855   0.17871964
  0.18441891  0.18895824  0.19333296  0.19702437  0.200741    0.20335223
  0.20627937  0.20973766  0.21372828  0.21765921  0.22046871  0.22255017
  0.22415166  0.22526842  0.22594228  0.22703137  0.22812182  0.22901748
  0.22948642  0.23022681  0.23037405  0.23106985  0.23213337  0.23305456
  0.23482478  0.23702274  0.23834442  0.240233  ] 
