  
scheme FIXMAN 
dt 0.01 
time: [  0.     0.31   0.62   0.93   1.24   1.55   1.86   2.17   2.48   2.79
   3.1    3.41   3.72   4.03   4.34   4.65   4.96   5.27   5.58   5.89
   6.2    6.51   6.82   7.13   7.44   7.75   8.06   8.37   8.68   8.99
   9.3    9.61   9.92  10.23  10.54  10.85  11.16  11.47  11.78  12.09
  12.4   12.71  13.02  13.33  13.64  13.95  14.26  14.57  14.88  15.19
  15.5   15.81  16.12  16.43  16.74  17.05  17.36  17.67  17.98  18.29
  18.6   18.91  19.22  19.53  19.84  20.15  20.46  20.77  21.08  21.39
  21.7   22.01  22.32  22.63  22.94  23.25  23.56  23.87  24.18  24.49
  24.8   25.11  25.42  25.73  26.04  26.35  26.66  26.97  27.28  27.59
  27.9   28.21  28.52  28.83  29.14  29.45  29.76  30.07  30.38  30.69] 
MSD component: [ 0.          0.10035286  0.16008327  0.19348554  0.21128252  0.22036299
  0.22369041  0.2240246   0.22199087  0.21934654  0.21412734  0.20917283
  0.20575562  0.20233234  0.19945358  0.19657177  0.19351836  0.19146217
  0.1899339   0.18829624  0.18711577  0.18609222  0.18450859  0.18341206
  0.18239784  0.18081948  0.17981049  0.17822409  0.17713388  0.17616831
  0.17475944  0.17432322  0.17382892  0.17228087  0.1707566   0.16976995
  0.16927525  0.1689996   0.16871757  0.16864786  0.16808693  0.16741191
  0.16701675  0.16614054  0.16628109  0.16608675  0.16613313  0.16704201
  0.16843475  0.16902615  0.16976013  0.17009404  0.16934927  0.16934289
  0.1690906   0.1687103   0.16810407  0.16687675  0.16631148  0.1663395
  0.16613199  0.16593618  0.16546651  0.16488932  0.16606104  0.1669933
  0.16725195  0.1677784   0.16745198  0.16786162  0.16719684  0.1665057
  0.16565528  0.16505344  0.16315661  0.16185808  0.16140177  0.16091144
  0.16146584  0.16171575  0.16177921  0.16243438  0.16239548  0.16240793
  0.16314298  0.16304959  0.16313115  0.16386702  0.16431864  0.16611921
  0.16654569  0.16696136  0.16671392  0.16660375  0.16599287  0.16588911
  0.16702245  0.16722049  0.16760563  0.16792449] 
Std Dev:  [ 0.          0.00104963  0.00161768  0.00203517  0.00154461  0.00121376
  0.00117525  0.00158257  0.00155921  0.00123516  0.00136502  0.00177579
  0.00182645  0.00180395  0.00176025  0.00198614  0.00217528  0.00232561
  0.00264416  0.00275283  0.00285067  0.00307713  0.00301877  0.00286796
  0.00261406  0.00269785  0.00277164  0.00318502  0.00318731  0.002748
  0.00282666  0.00326685  0.00337375  0.00321606  0.00332121  0.00348677
  0.0034577   0.00334288  0.00342638  0.00368079  0.00378251  0.00388793
  0.00367894  0.00384042  0.00377915  0.00369259  0.00357996  0.00326992
  0.00319104  0.00321013  0.00321834  0.00306695  0.00320004  0.00335594
  0.0035995   0.00404927  0.00382983  0.00347222  0.00369208  0.0038395
  0.00396261  0.00345355  0.00321788  0.00300523  0.00311452  0.00302389
  0.00287109  0.00239647  0.00231063  0.00270154  0.00299378  0.00269425
  0.00198593  0.00124682  0.00115851  0.00061327  0.00061652  0.00095247
  0.00114165  0.00112766  0.00088119  0.00080184  0.00126443  0.00190579
  0.00252275  0.00262825  0.0026311   0.00262997  0.00256745  0.00246669
  0.002037    0.0021034   0.00178414  0.00185335  0.00167131  0.00155238
  0.00144134  0.00151234  0.00137278  0.00123713] 
