  
scheme FIXMAN 
dt 0.01 
time: [  0.     0.31   0.62   0.93   1.24   1.55   1.86   2.17   2.48   2.79
   3.1    3.41   3.72   4.03   4.34   4.65   4.96   5.27   5.58   5.89
   6.2    6.51   6.82   7.13   7.44   7.75   8.06   8.37   8.68   8.99
   9.3    9.61   9.92  10.23  10.54  10.85  11.16  11.47  11.78  12.09
  12.4   12.71  13.02  13.33  13.64  13.95  14.26  14.57  14.88  15.19
  15.5   15.81  16.12  16.43  16.74  17.05  17.36  17.67  17.98  18.29
  18.6   18.91  19.22  19.53  19.84  20.15  20.46  20.77  21.08  21.39
  21.7   22.01  22.32  22.63  22.94  23.25  23.56  23.87  24.18  24.49
  24.8   25.11  25.42  25.73  26.04  26.35  26.66  26.97  27.28  27.59
  27.9   28.21  28.52  28.83  29.14  29.45  29.76  30.07  30.38  30.69] 
MSD component: [  0.00000000e+00   1.51068954e-04   8.75651418e-04   7.46032162e-04
   1.09730635e-03   8.88836841e-04   1.05322691e-03   1.33431729e-03
   1.10870107e-03   4.00556889e-04   1.93673116e-04  -2.19696748e-06
  -2.27598218e-04   1.43819394e-04  -1.42902773e-04   2.95107049e-04
   5.50742879e-04   8.58154460e-04   1.39237592e-03   2.17075156e-03
   2.65029720e-03   3.11117696e-03   3.02309195e-03   3.53538224e-03
   2.81073968e-03   2.65261758e-03   3.04185030e-03   3.54568125e-03
   3.26280724e-03   2.91064450e-03   3.25579302e-03   3.48247787e-03
   3.84289405e-03   3.70000818e-03   3.24780485e-03   3.29444816e-03
   2.95288319e-03   2.40892068e-03   2.05685576e-03   2.28533436e-03
   2.16952520e-03   1.73564141e-03   1.96085804e-03   1.44875856e-03
   1.40930138e-03   1.53164464e-03   2.25530513e-03   2.19542491e-03
   1.74595495e-03   9.03495243e-04   6.60740133e-04   1.49694639e-04
  -2.34042768e-04  -6.37024427e-04  -7.54688430e-04  -7.20216712e-04
  -7.70580581e-04   2.80006668e-04   6.35253884e-04   3.44937564e-04
   3.07498595e-04   1.07858140e-04   2.72337072e-04   1.32878197e-04
   5.25441863e-04   9.91603161e-04   1.60230317e-03   1.63794203e-03
   1.70136784e-03   1.82223327e-03   2.50278118e-03   2.41070361e-03
   2.15385237e-03   2.15245846e-03   1.82633440e-03   2.00106772e-03
   2.26973076e-03   2.70071443e-03   2.53883694e-03   2.33332431e-03
   1.94287983e-03   1.54044842e-03   2.00804903e-03   2.41610783e-03
   2.50110669e-03   2.00518849e-03   2.57546966e-03   3.05895712e-03
   2.89787959e-03   3.16421301e-03   2.78656355e-03   2.40218891e-03
   3.28636524e-03   3.69381335e-03   3.85940929e-03   3.67593486e-03
   3.65943302e-03   3.20772014e-03   2.58078100e-03   2.20179034e-03] 
Std Dev:  [ 0.          0.00088518  0.0013263   0.00171568  0.00215943  0.00226045
  0.00256357  0.0026161   0.00303798  0.00263019  0.00266592  0.00221358
  0.0018954   0.00166989  0.00135784  0.00126691  0.0011206   0.00143731
  0.00164663  0.00146013  0.00202611  0.00187514  0.0019498   0.00195302
  0.00197881  0.00243786  0.0021949   0.00209078  0.00184656  0.00151897
  0.00146821  0.00132324  0.00163498  0.00194152  0.00231336  0.00243789
  0.00268123  0.00320061  0.00322268  0.00307489  0.00309272  0.00328122
  0.00321826  0.00290547  0.00261053  0.00247233  0.00246748  0.00237842
  0.00243096  0.00253101  0.00208006  0.00188697  0.00170071  0.00157316
  0.00135204  0.00176201  0.00168851  0.00145682  0.00099684  0.00093018
  0.00072612  0.00059661  0.00046602  0.00070704  0.00113743  0.00137594
  0.00152826  0.0012303   0.00147074  0.00175901  0.00140045  0.00096383
  0.00126631  0.00146117  0.00172767  0.00162465  0.00176718  0.00168635
  0.00155895  0.00149981  0.00168065  0.00148148  0.00127943  0.00112652
  0.00107967  0.00113946  0.00126167  0.00116006  0.00096565  0.00104197
  0.00131835  0.00130363  0.00104758  0.0009003   0.00094065  0.00147233
  0.00185982  0.00164867  0.00151966  0.00159702] 
