  
scheme FIXMAN 
dt 0.01 
time: [  0.     0.31   0.62   0.93   1.24   1.55   1.86   2.17   2.48   2.79
   3.1    3.41   3.72   4.03   4.34   4.65   4.96   5.27   5.58   5.89
   6.2    6.51   6.82   7.13   7.44   7.75   8.06   8.37   8.68   8.99
   9.3    9.61   9.92  10.23  10.54  10.85  11.16  11.47  11.78  12.09
  12.4   12.71  13.02  13.33  13.64  13.95  14.26  14.57  14.88  15.19
  15.5   15.81  16.12  16.43  16.74  17.05  17.36  17.67  17.98  18.29
  18.6   18.91  19.22  19.53  19.84  20.15  20.46  20.77  21.08  21.39
  21.7   22.01  22.32  22.63  22.94  23.25  23.56  23.87  24.18  24.49
  24.8   25.11  25.42  25.73  26.04  26.35  26.66  26.97  27.28  27.59
  27.9   28.21  28.52  28.83  29.14  29.45  29.76  30.07  30.38  30.69] 
MSD component: [ 0.          0.10779885  0.16899907  0.20292261  0.22091584  0.22971502
  0.23250299  0.2320951   0.23092338  0.22810772  0.22604656  0.22353316
  0.2200219   0.21642513  0.21208281  0.20944386  0.206617    0.203395
  0.20021311  0.19863037  0.19571333  0.19312273  0.19136927  0.18932568
  0.18723196  0.18577541  0.18456039  0.18340754  0.18098197  0.17982707
  0.17852081  0.17687312  0.17508794  0.17509735  0.17401912  0.17308372
  0.17261287  0.17197659  0.17201067  0.17306804  0.17399398  0.17349969
  0.17391563  0.17310412  0.17190865  0.1724027   0.17348667  0.17410856
  0.17322651  0.17252781  0.17176542  0.17163586  0.17102399  0.17013293
  0.16913543  0.16767127  0.16783668  0.16824986  0.16875555  0.16857018
  0.16918755  0.16897239  0.16896994  0.16902484  0.16897681  0.16811282
  0.16865506  0.16795707  0.16735428  0.16761645  0.16817814  0.16724439
  0.16752778  0.16749372  0.16845061  0.1683593   0.16891676  0.16952593
  0.1700009   0.17052624  0.17036958  0.16909292  0.1686062   0.16814939
  0.16799047  0.16810032  0.1681328   0.16793485  0.16727443  0.16639377
  0.16534537  0.16537425  0.16530349  0.16538073  0.16589074  0.16609571
  0.16767452  0.16866255  0.16998548  0.17094595] 
Std Dev:  [ 0.          0.0005011   0.00063841  0.00086418  0.00138846  0.00147603
  0.00174986  0.00162713  0.00106919  0.00111782  0.00127287  0.00174923
  0.00199141  0.00227668  0.00224648  0.00282353  0.00330103  0.00333833
  0.00303497  0.00273819  0.00264905  0.00182709  0.00138879  0.00124382
  0.00076455  0.00030239  0.0004468   0.00031964  0.00039797  0.00063266
  0.00086033  0.00175234  0.00228807  0.00204116  0.00245334  0.00243353
  0.0024261   0.00245327  0.00219216  0.00211995  0.00187365  0.00143969
  0.00171152  0.00253098  0.00273017  0.00260985  0.00228273  0.0023631
  0.00231981  0.00217376  0.00186982  0.00231091  0.00255107  0.00229419
  0.00248208  0.00194177  0.00194491  0.00212217  0.00192579  0.0018483
  0.00188621  0.00194906  0.00204507  0.00159921  0.0016834   0.00162758
  0.00111807  0.00143581  0.00150964  0.0014946   0.00166336  0.00185532
  0.00176988  0.00162012  0.00161759  0.00175448  0.00189482  0.00221692
  0.00213177  0.00161713  0.00181615  0.00188295  0.00166441  0.00164853
  0.00192556  0.00225612  0.00286298  0.00358125  0.0041921   0.00434022
  0.00431399  0.00454494  0.00479699  0.00457307  0.00421911  0.003981
  0.00424398  0.00422624  0.00492216  0.00493669] 
