  
scheme FIXMAN 
dt 0.01 
time: [  0.    0.3   0.6   0.9   1.2   1.5   1.8   2.1   2.4   2.7   3.    3.3
   3.6   3.9   4.2   4.5   4.8   5.1   5.4   5.7   6.    6.3   6.6   6.9
   7.2   7.5   7.8   8.1   8.4   8.7   9.    9.3   9.6   9.9  10.2  10.5
  10.8  11.1  11.4  11.7  12.   12.3  12.6  12.9  13.2  13.5  13.8  14.1
  14.4  14.7  15.   15.3  15.6  15.9  16.2  16.5  16.8  17.1  17.4  17.7
  18.   18.3  18.6  18.9  19.2  19.5  19.8  20.1  20.4  20.7  21.   21.3
  21.6  21.9  22.2  22.5  22.8  23.1  23.4  23.7  24.   24.3  24.6  24.9
  25.2  25.5  25.8  26.1  26.4  26.7  27.   27.3  27.6  27.9  28.2  28.5
  28.8  29.1  29.4  29.7] 
MSD component: [  0.           0.27356988   0.54920715   0.82235486   1.09822377
   1.3752448    1.65214792   1.93340649   2.21441698   2.49430697
   2.77217025   3.05053081   3.33059892   3.61134999   3.89180327
   4.17226217   4.45328703   4.73682176   5.01988318   5.30341322
   5.59036506   5.8798206    6.1702719    6.45787351   6.74592061
   7.03169304   7.31643969   7.60359494   7.89205024   8.17701262
   8.46155279   8.74722564   9.03105822   9.31278122   9.59332422
   9.87498495  10.15399797  10.43044964  10.70989887  10.98930916
  11.26809821  11.5453945   11.82218113  12.10010703  12.37780056
  12.65666382  12.93437845  13.21056259  13.48783065  13.76774212
  14.04638049  14.32775581  14.61028162  14.89164569  15.17767243
  15.46286478  15.74991672  16.03754519  16.32441386  16.61225489
  16.90049898  17.18637607  17.47402761  17.76412811  18.051253
  18.33957012  18.62473759  18.90977282  19.19385719  19.47886448
  19.76517259  20.05547854  20.34881161  20.6449551   20.94300606
  21.24261539  21.54247779  21.84290092  22.14325895  22.4411837
  22.73653663  23.03131513  23.32462198  23.6190893   23.91320541
  24.21031958  24.50758739  24.80223843  25.09963005  25.39524704
  25.68950285  25.98406804  26.27857834  26.57135622  26.86619833
  27.16008066  27.45252363  27.74187139  28.03446139  28.32649801] 
Std Dev:  [ 0.          0.00109464  0.0029214   0.00506258  0.00780387  0.01039315
  0.01332559  0.01563427  0.0181139   0.02208064  0.02707669  0.03299199
  0.03828167  0.04340482  0.04835065  0.053322    0.05737679  0.06131527
  0.06515454  0.06943     0.07376114  0.07792676  0.08190654  0.08531093
  0.08970853  0.09483217  0.10046633  0.10632637  0.11333908  0.11973942
  0.12610367  0.13207311  0.13853029  0.14533424  0.15329759  0.16198163
  0.17156355  0.1810859   0.19031695  0.19963947  0.21021097  0.22112411
  0.23132717  0.24226327  0.25242178  0.26253538  0.272797    0.28476363
  0.29719317  0.30968552  0.32135017  0.33293515  0.34415696  0.35598247
  0.36727756  0.37857     0.38992878  0.40148433  0.4126638   0.42335816
  0.43408564  0.44446022  0.45383111  0.46392272  0.47497919  0.48600631
  0.49616604  0.50713267  0.51728065  0.52781483  0.53888573  0.54907337
  0.55875281  0.56926297  0.57884573  0.58876543  0.5997091   0.61118628
  0.62344197  0.63660366  0.65005231  0.6637412   0.67808768  0.69321038
  0.70706352  0.72235387  0.7382944   0.75403061  0.77009317  0.78626441
  0.80224169  0.81980399  0.83837801  0.85655012  0.8763288   0.8963545
  0.91712626  0.93929197  0.96126731  0.98231391] 
