1.039603960400 0.045488865809 0.363936592129 0.024850895256 0.650209349701 0.449332863854
1.079207920790 0.056953754399 0.391295250944 0.022546840106 0.660131246601 0.479275029128
1.118811881190 0.076145174753 0.423199159774 0.019216643786 0.670360643008 0.513600129813
1.158415841580 0.108309523734 0.457231701413 0.014818207985 0.680255631451 0.549192318875
1.198019801980 0.139305632870 0.482036372745 0.012417322562 0.687775045297 0.575618617144
1.237623762380 0.167742500481 0.502188096735 0.010437035936 0.694160856548 0.596489849520
1.277227722770 0.193457962469 0.519154625935 0.008600997455 0.699300959079 0.613297352863
1.316831683170 0.216918756989 0.534026528243 0.006939939707 0.704005728175 0.627409006606
1.356435643560 0.238422452417 0.547077162171 0.005511781060 0.707951524740 0.639253126609
1.396039603960 0.258337880907 0.558716011005 0.004227712676 0.711394115918 0.649363187995
1.435643564360 0.276903884417 0.569245713216 0.003053953686 0.714379978250 0.658116550741
1.475247524750 0.294300971366 0.578830460689 0.002002516478 0.717059774204 0.665790532506
1.514851485150 0.310589080901 0.587511160411 0.001131298723 0.719292040418 0.672453378681
1.554455445540 0.325893142565 0.595439938596 0.000402092105 0.721293965854 0.678333710315
1.594059405940 0.340410090416 0.602873078883 -0.000317915144 0.723202681588 0.683659599375
1.633663366340 0.354063106108 0.609628387281 -0.000882831851 0.724850521240 0.688340651664
1.673267326730 0.366997921396 0.615934436403 -0.001365910118 0.726377411507 0.692594875272
1.712871287130 0.379187348606 0.621701088400 -0.001765242165 0.727698801526 0.696336264687
1.752475247520 0.390832849974 0.627208050872 -0.002164500633 0.729082178206 0.699836951119
1.792079207920 0.401787790906 0.632229249195 -0.002409807801 0.730182700444 0.702934338937
1.831683168320 0.412221189647 0.636955826675 -0.002691985059 0.731271515127 0.705788800154
1.871287128710 0.422034707400 0.641073463238 -0.002804840967 0.732144837548 0.708291932558
1.910891089110 0.431413435921 0.644365521875 -0.002882938545 0.733051378481 0.710643151458
1.950495049500 0.440302578907 0.647445882750 -0.002984802920 0.733874140402 0.712820690591
1.990099009900 0.448692419876 0.650325062120 -0.003082706367 0.734559058268 0.714774798723
2.029702970300 0.456589145944 0.653023244656 -0.003152586788 0.735153544905 0.716505355195
2.069306930690 0.464108402599 0.655550485705 -0.003205696397 0.735783335832 0.718161070860
2.108910891090 0.471232585506 0.657915756509 -0.003221666258 0.736381919667 0.719698037274
2.148514851490 0.477923937413 0.660123741299 -0.003214820819 0.736903104651 0.721062605689
2.188118811880 0.484221702694 0.662195580512 -0.003216173386 0.737345731338 0.722292358434
2.227722772280 0.490135502347 0.664102041402 -0.003225242350 0.737735288153 0.723393707185
2.267326732670 0.495744287059 0.665841426597 -0.003192079131 0.738169951786 0.724468957388
2.306930693070 0.500986592220 0.667484225652 -0.003121724004 0.738525703493 0.725427652944
2.346534653470 0.505845062158 0.669045565179 -0.003055317988 0.738767305337 0.726273730814
2.386138613860 0.510408534297 0.670483173486 -0.002939746604 0.739049477078 0.727087297572
2.425742574260 0.514669822428 0.671804116859 -0.002789065250 0.739345941276 0.727848862656
2.465346534650 0.518628755226 0.673051478120 -0.002642584400 0.739623140257 0.728540139209
2.504950495050 0.522243722547 0.674204134248 -0.002499362109 0.739802641722 0.729146921650
2.544554455450 0.525535314986 0.675246602938 -0.002352561962 0.739964972256 0.729651271294
2.584158415840 0.528614358990 0.676184058568 -0.002172458551 0.740237384621 0.730188042187
2.623762376240 0.531339313686 0.677019666087 -0.001974541511 0.740370977181 0.730612443983
2.663366336630 0.533739865271 0.677754262267 -0.001803368782 0.740423968511 0.730942977891
2.702970297030 0.535966263578 0.678382433649 -0.001609775503 0.740632077534 0.731341224528
2.742574257430 0.537652097219 0.678897167154 -0.001429104152 0.740773023772 0.731648305418
2.782178217820 0.539009451130 0.679355945982 -0.001208058782 0.740868754734 0.731881631167
2.821782178220 0.540185005285 0.679768056373 -0.000986813032 0.740883085483 0.732053056264
2.861386138610 0.541179251225 0.680135802409 -0.000793714698 0.740957847795 0.732231852084
2.900990099010 0.541912594503 0.680399881091 -0.000565341935 0.741108843025 0.732413511827
2.940594059410 0.542396165000 0.680571174126 -0.000332543502 0.741081587070 0.732467140777
2.980198019800 0.542636177192 0.680655387036 -0.000115159154 0.741064204364 0.732502299396
3.019801980200 0.542636247412 0.680655527542 0.000115123557 0.741064204364 0.732502299538
3.059405940590 0.542396235220 0.680571244314 0.000332547083 0.741081587070 0.732467140709
3.099009900990 0.541912699833 0.680400021664 0.000565322065 0.741108843025 0.732413512198
3.138613861390 0.541179110785 0.680135732260 0.000793707316 0.740957847795 0.732231852203
3.178217821780 0.540185110615 0.679768056527 0.000986790586 0.740883085483 0.732053056726
3.217821782180 0.539009416020 0.679355875550 0.001208077714 0.740868754734 0.731881630690
3.257425742570 0.537652026999 0.678897026677 0.001429109221 0.740773023772 0.731648305334
3.297029702970 0.535966263578 0.678382433665 0.001609773954 0.740632077534 0.731341224557
3.336633663370 0.533739865271 0.677754191943 0.001803379066 0.740423968511 0.730942977744
3.376237623760 0.531339313686 0.677019595812 0.001974548659 0.740370977181 0.730612443811
3.415841584160 0.528614358990 0.676184058332 0.002172475770 0.740237384621 0.730188041868
3.455445544550 0.525535314986 0.675246532612 0.002352571464 0.739964972256 0.729651271150
3.495049504950 0.522243722547 0.674204063759 0.002499377411 0.739802641722 0.729146921311
3.534653465350 0.518628755226 0.673051618435 0.002642590245 0.739623140257 0.728540139076
3.574257425740 0.514669822428 0.671804116765 0.002789072719 0.739345941276 0.727848862575
3.613861386140 0.510408534297 0.670482892663 0.002939746071 0.739049477078 0.727087297573
3.653465346530 0.505845062158 0.669045424724 0.003055323020 0.738767305337 0.726273730818
3.693069306930 0.500986592220 0.667484295723 0.003121731870 0.738525703493 0.725427652832
3.732673267330 0.495744287059 0.665841286254 0.003192075888 0.738169951786 0.724468957398
3.772277227720 0.490135502347 0.664102181790 0.003225256305 0.737735288153 0.723393707366
3.811881188120 0.484221702694 0.662195720926 0.003216181984 0.737345731338 0.722292358554
3.851485148510 0.477923937413 0.660123741284 0.003214817525 0.736903104651 0.721062605574
3.891089108910 0.471232585506 0.657915897019 0.003221674454 0.736381919667 0.719698037658
3.930693069310 0.464108402599 0.655550484975 0.003205681138 0.735783335832 0.718161069359
3.970297029700 0.456589145944 0.653023244656 0.003152586788 0.735153544905 0.716505355195
4.009900990100 0.448692419876 0.650325128826 0.003082698421 0.734559058268 0.714774796786
4.049504950500 0.440302578907 0.647445881702 0.002984800178 0.733874140402 0.712820689973
4.089108910890 0.431413435921 0.644365590873 0.002882949685 0.733051378481 0.710643153249
4.128712871290 0.422034707400 0.641073463865 0.002804841178 0.732144837548 0.708291932618
4.168316831680 0.412221189647 0.636955826675 0.002691985059 0.731271515127 0.705788800154
4.207920792080 0.401787790906 0.632229249195 0.002409807801 0.730182700444 0.702934338937
4.247524752480 0.390832849974 0.627208050872 0.002164500633 0.729082178206 0.699836951119
4.287128712870 0.379187348606 0.621701088400 0.001765242165 0.727698801526 0.696336264687
4.326732673270 0.366997921396 0.615934436403 0.001365910118 0.726377411507 0.692594875272
4.366336633660 0.354063106108 0.609628387281 0.000882831851 0.724850521240 0.688340651664
4.405940594060 0.340410090416 0.602873078883 0.000317915144 0.723202681588 0.683659599375
4.445544554460 0.325893142565 0.595439938596 -0.000402092105 0.721293965854 0.678333710315
4.485148514850 0.310589080901 0.587511160411 -0.001131298723 0.719292040418 0.672453378681
4.524752475250 0.294300971366 0.578830460689 -0.002002516478 0.717059774204 0.665790532506
4.564356435640 0.276903884417 0.569245713216 -0.003053953686 0.714379978250 0.658116550741
4.603960396040 0.258337880907 0.558716011005 -0.004227712676 0.711394115918 0.649363187995
4.643564356440 0.238422452417 0.547077162171 -0.005511781060 0.707951524740 0.639253126609
4.683168316830 0.216918756989 0.534026528243 -0.006939939707 0.704005728175 0.627409006606
4.722772277230 0.193457962469 0.519154625935 -0.008600997455 0.699300959079 0.613297352863
4.762376237620 0.167742500481 0.502188096735 -0.010437035936 0.694160856548 0.596489849520
4.801980198020 0.139305632870 0.482036372745 -0.012417322562 0.687775045297 0.575618617144
4.841584158420 0.108309523734 0.457231701413 -0.014818207985 0.680255631451 0.549192318875
4.881188118810 0.076145174753 0.423199159774 -0.019216643786 0.670360643008 0.513600129813
4.920792079210 0.056953754399 0.391295250944 -0.022546840106 0.660131246601 0.479275029128
4.960396039600 0.045488865809 0.363936592129 -0.024850895256 0.650209349701 0.449332863854
