 2 HE mono
 100 1
 100
   0.14878414827205328E-001   0.69735130295111386E-001    3.0000000000000000     
    1.0000000000000000         0.0000000000000000         0.0000000000000000         1.0000000000000000     
 T T
   0.92313770058669564        0.37128334746706454       -0.28848798322169938        0.95748351606525151     
   0.15342592476505762        0.12361255083898465        0.13347458518165733       -0.99105223631783634     
   0.88146877582353345E-001   0.84332247946144911        0.54132580636701927E-001  -0.99853375692242430     
   0.39562932678912544        0.43019874823072742E-001  -0.30667920039168894        0.95181293752875307     
   0.61059040123756236        0.25085825208059204       -0.95885985209720936       -0.28387987606753234     
   0.23372948822662656        0.45574057138388008       -0.54118117623368134       -0.84090602001075565     
   0.77660501821424963E-001   0.94364183048936456       -0.94465607933191892E-001   0.99552812562870985     
   0.40040021916961144        0.16633040723888684       -0.52546635357772731       -0.85081438120058062     
   0.16600300167878354        0.65755056039637202E-001   0.13549327165787597        0.99077826648319489     
   0.46627086780785698        0.15574887766232516E-001  -0.98970989551459332       -0.14308851358684521     
   0.17190912731535744E-001   0.49071358727655495        0.95666517302094833        0.29119022430157088     
   0.83558104069777861        0.63996891953729318        0.97943600329427405       -0.20175508779443052     
   0.58631610441448108E-001   0.56827615973686429       -0.48348138788898837        0.87535464102553162     
   0.74081952785672578        0.88144511846931206        0.96381157097836190       -0.26658442499182516     
   0.29906523146034103        0.98085381950823602       -0.11800070337879377       -0.99301351149020600     
   0.96136434069259369        0.25505053841902858       -0.77161039372550910       -0.63609543332330609     
   0.89469030681774864        0.30970696881520658E-001  -0.86021292459955256        0.50993501973475441     
   0.68920707905760403        0.41506520089835042        0.99658845690733289        0.82531494346466547E-001
   0.37853521185665762        0.44399980950783313        0.94483086341846190        0.32755860472886950     
   0.56157963566347946        0.88391003251413491       -0.85273015970791299        0.52235167724868770     
   0.67291705953205627        0.68670532984847443        0.11512470792853835        0.99335104652100126     
   0.14423773021449859        0.83543121617142202        0.36815251425563517       -0.92976541463277418     
   0.70096426860429883        0.19720752453168572       -0.99232657826995341       -0.12364449870110070     
   0.51065495021640195        0.76292757454834859       -0.75456971414075202        0.65621989188193908     
   0.69476922013923115        0.97603594100725488        0.15849248963506188E-001   0.99987439276505774     
   0.58753216603026781        0.81679153143185879        0.94135294869514241       -0.33742351130731896     
   0.14648185078044013        0.23788556529141577E-001  -0.28090546519381571        0.95973544251749188     
   0.86572135115885684        0.58836842412552526        0.99999358496482060        0.35819030146258227E-002
   0.86680078024695106        0.87925629861864729        0.57837089183499356E-001   0.99832603447710411     
   0.27343241328139156        0.51259828509233252       -0.60263667112719221        0.79801569070585099     
   0.71648909000792982        0.82161021492938724       -0.71558417549861242       -0.69852651186334436     
   0.29212694126020644        0.74973809102168953       -0.99432287265998798        0.10640500413603579     
   0.82303638257955558        0.26686317193002057       -0.66874868765666495       -0.74348852900195328     
   0.50211746281069047        0.29659102792816827        0.91587695056441787       -0.40145910305387628     
   0.51799876974809134        0.95198968569447251       -0.99905253935032234        0.43520381635192243E-001
   0.46434302155986101        0.81822256432744478       -0.28335383275836906        0.95901543546553114     
   0.41008809710541183        0.83199123263711994        0.99865996009656144       -0.51752141017878839E-001
   0.81704400741188643        0.78560525066277065       -0.80026798845361147       -0.59964251571783178     
   0.71671679473353611        0.63583753544151744       -0.99312608160657156        0.11704950248838110     
   0.89979088516171402        0.30445778345252283        0.43940283589152412       -0.89829012452018320     
   0.46534922126797751        0.76871868665578269       -0.62481684945257321        0.78077135234341188     
   0.10863878903928849E-001   0.44522847088071534E-001   0.74885577763000166        0.66273299624370985     
   0.94389833058796313        0.67696738585688032       -0.89902255480305815        0.43790232467455847     
   0.80018390254832195        0.22136202815518988       -0.20585998434685676       -0.97858145641776406     
   0.30722248359661691        0.78911677112913214       -0.76020150913799511       -0.64968735981571546     
   0.25587111225459852        0.38070411730964837       -0.36458954826536943        0.93116833134275678     
   0.82471672828823298E-001   0.89270760234828461       -0.71520817263964209       -0.69891148923841850     
   0.96996792372191165        0.57646535813415689        0.99737779175712649       -0.72370854006830257E-001
   0.45252649816384750E-001   0.73217460721331973        0.98587173441170695        0.16750200980302507     
   0.71990820679922995        0.11889573799153939       -0.64525802205819427       -0.76396471447937109     
   0.60168398249535904        0.68921429926854871       -0.74162186111614314        0.67081816844404885     
   0.57477522081237442        0.62585533611223676       -0.38857306217528736        0.92141791568848941     
   0.99718507264151501        0.11510917979237184        0.93246101986840635       -0.36127060000223010     
   0.70759904744041968        0.34061266647206562       -0.92009320298930897       -0.39169949937787019     
   0.85548548570289484E-001   0.68583743574056411        0.67167973984355545       -0.74084163428069660     
   0.39431173521108503        0.21723384141546348        0.32451716014150291E-001  -0.99947330435971971     
   0.42333652620781098        0.32006253932691425       -0.99904220644191810        0.43756939422953285E-001
   0.81576571161118738        0.82912128888065997E-001   0.84797253137811857       -0.53004017397569581     
   0.23765640995520104        0.19772696638933099        0.94072878467603649        0.33915977603770647     
   0.13824938087574046        0.16976293682042817       -0.99677224204477199        0.80281364519036988E-001
   0.85941309266389065        0.13834225561895064        0.95458860868106810        0.29792715246573692     
   0.98969939477695557        0.54786033488251196       -0.88098596233333848        0.47314240369216687     
   0.61657408948774672        0.54011753895910730       -0.59336822442161674       -0.80493114627695794     
   0.20703327751085748        0.83503532716337092        0.92396626082344324        0.38247398455312587     
   0.19158837610539606        0.61934239602266383        0.77598387147534953       -0.63075274966513473     
   0.33968236382091471        0.85972261958186069       -0.88940131663353239       -0.45712722295936309     
   0.78680619752477932        0.61418631547809222        0.41682979956698601        0.90898455333022365     
   0.31815374246620970        0.25311532752225196        0.82719501346869484       -0.56191494880677983     
   0.92880370928252087        0.35446498263575271        0.34038309201942135       -0.94028684488686642     
   0.38187013920694085        0.25592560494690592        0.80428542161868843       -0.59424318302497070     
   0.42263180706282466        0.87564336842674972       -0.62018645475979561       -0.78445443547249816     
   0.81639752085508910        0.84953798675632763        0.13031666650361817        0.99147242343465358     
   0.19636897736083853        0.95515314862488354       -0.41742527511602212        0.90871125210063997     
   0.56535635436634230E-001   0.31865590282906070       -0.22036603470876815E-001  -0.99975716456921060     
   0.88576140272205039        0.51680375036763082        0.99918067678157951       -0.40471905642126341E-001
   0.43021784485482406        0.44779105255970009       -0.83887619122784052       -0.54432227199616889     
   0.47873162794361823        0.69003252803962092E-001   0.21247948751195617       -0.97716552711741533     
   0.11050122706285820        0.78568503825072555       -0.32820635406925064        0.94460604970991480     
   0.48346250430027737        0.17948429565468610        0.16412625928711022        0.98643933975304354     
   0.11636799827814397        0.81008598179556401        0.74811537907096354E-001  -0.99719769042852036     
   0.48657653081281882        0.64143479939846526        0.50191996267792971        0.86491407149229871     
   0.69199200278309403        0.56783929241605635        0.55373770107099618        0.83269115427786788     
   0.24610295975932545        0.90157197639125652        0.97041734819864200        0.24143357329732631     
   0.18976988239728690        0.70192028376143167       -0.32764677374424889        0.94480029194268611     
   0.74080787440579299        0.69642136736698201        0.65876855629638864        0.75234565808222220     
   0.67032597178376563        0.39117490216769690        0.96107107961403282        0.27630124851241100     
   0.47562995523445822        0.38396696596865532       -0.15652915423455929        0.98767333864725426     
   0.60964964583020320        0.45811668565778552        0.55535678990172177        0.83161219081375592     
   0.33248323902125315        0.12720620249260275        0.53045835377613904        0.84771099727979715     
   0.39046647730701989        0.62827413935629262        0.99405968936647993        0.10883627142004298     
   0.72840014288604349        0.49785840959784000        0.86173204226209366        0.50736366379432551     
   0.23283642055096829        0.10786445715630722E-001  -0.67832357135110388       -0.73476331736790179     
   0.54687687689071773        0.23326726752411972       -0.45470286352930156       -0.89064319786222645     
   0.48860977594438421        0.54513775632746742       -0.40562950126644787       -0.91403758549762759     
   0.38230601996064512        0.67751981566639741        0.77975318732674692       -0.62608702817881390     
   0.32440808630931517        0.52491575704778592        0.98138695286500488        0.19204074761971879     
   0.31510636363804861        0.61376394997050887       -0.85554787856323433        0.51772369801463491     
   0.58811297715326349        0.72404339991577926        0.97363564540246095       -0.22810881175819001     
   0.54305296411918080        0.65892302075883946       -0.61932653110972857       -0.78513352231552958     
   0.54646643755728519        0.35949768359847489        0.92512027777318684       -0.37967416511116714     
