1.039603960400 4.314262036244 2.050401139864 -0.162660163695 1.490054569757 1.760076755299
1.079207920790 4.099118774081 1.993108582746 -0.137062636455 1.471936682096 1.717839619582
1.118811881190 3.905847938647 1.942911156143 -0.115019933652 1.456434302153 1.679923454457
1.158415841580 3.731824151839 1.898774788131 -0.096095505145 1.443112234387 1.645946785822
1.198019801980 3.574825567140 1.859836046717 -0.079886299346 1.431613732084 1.615564791965
1.237623762380 3.432972515301 1.825375947445 -0.066022094842 1.421640856328 1.588451395563
1.277227722770 3.303736208842 1.794614645204 -0.054251749093 1.412954029368 1.564310759744
1.316831683170 3.185125919588 1.766875653838 -0.044328938435 1.405353652096 1.542858374463
1.356435643560 3.077108271855 1.742049235530 -0.035961588956 1.398675907122 1.523809229034
1.396039603960 2.978344071151 1.719701365747 -0.028944422611 1.392783165768 1.506903847400
1.435643564360 2.887679982135 1.699343983994 -0.022991463711 1.387560683848 1.491884937437
1.475247524750 2.804321212374 1.680743708399 -0.017951571987 1.382913242137 1.478520624991
1.514851485150 2.727575792218 1.663704482519 -0.013691457913 1.378763342929 1.466598709827
1.554455445540 2.656824735933 1.648042204205 -0.010084225044 1.375042700858 1.455929469043
1.594059405940 2.591591541485 1.633688548468 -0.007080053681 1.371698460657 1.446351487126
1.633663366340 2.531368176299 1.620449106246 -0.004536546626 1.368681080677 1.437725906575
1.673267326730 2.475768455040 1.608236392704 -0.002378969983 1.365955960159 1.429944011900
1.712871287130 2.424460374731 1.596980950676 -0.000541416350 1.363489923977 1.422913773974
1.752475247520 2.377168614334 1.586631964685 0.001037599623 1.361260837980 1.416570185449
1.792079207920 2.333659446295 1.577148321800 0.002417166529 1.359242940487 1.410850459849
1.831683168320 2.291965148854 1.567966084694 0.003389445828 1.357416919117 1.405708056973
1.871287128710 2.253677887073 1.559564198398 0.004244659226 1.355763827225 1.401091320203
1.910891089110 2.218086415249 1.551759738745 0.004927567360 1.354266578770 1.396948840613
1.950495049500 2.184940716876 1.544462527505 0.005493978319 1.352906931885 1.393224834208
1.990099009900 2.154087892487 1.537670052843 0.005926910562 1.351666363370 1.389853398643
2.029702970300 2.125368630200 1.531344280871 0.006244437999 1.350528344155 1.386772741715
2.069306930690 2.098646851660 1.525454803490 0.006463026945 1.349477656080 1.383922595224
2.108910891090 2.073809512123 1.519979523588 0.006596313057 1.348502148292 1.381251719294
2.148514851490 2.050761516722 1.514899303450 0.006659989840 1.347591041647 1.378721076805
2.188118811880 2.029367338353 1.510160481346 0.006705054509 1.346738983636 1.376310052861
2.227722772280 2.009662001358 1.505825271633 0.006699296769 1.345944226138 1.374016483366
2.267326732670 1.991600483599 1.501890532051 0.006666592169 1.345206568214 1.371853052111
2.306930693070 1.974682371910 1.498191912208 0.006539636397 1.344529885784 1.369846833692
2.346534653470 1.958814423729 1.494695090494 0.006322540349 1.343916025267 1.368028614109
2.386138613860 1.944219775279 1.491487947044 0.006075955776 1.343368110287 1.366426453506
2.425742574260 1.930809632363 1.488552119682 0.005782562779 1.342886233497 1.365056278992
2.465346534650 1.918376498370 1.485790153119 0.005502069471 1.342469493947 1.363921905507
2.504950495050 1.906970921915 1.483247501021 0.005202441142 1.342111066959 1.363001578286
2.544554455450 1.896631789222 1.480956175134 0.004861177968 1.341802894407 1.362260431085
2.584158415840 1.887316040776 1.478900365776 0.004490775027 1.341535176149 1.361652057233
2.623762376240 1.878994593522 1.477071982944 0.004103129542 1.341298388907 1.361123525109
2.663366336630 1.871653334036 1.475470068528 0.003709700317 1.341081891468 1.360623645940
2.702970297030 1.865295456352 1.474101630245 0.003322842250 1.340877331520 1.360111894309
2.742574257430 1.859938806473 1.472982337657 0.002955325559 1.340682047637 1.359568091693
2.782178217820 1.855255038485 1.471985361071 0.002529884763 1.340498176815 1.358994353411
2.821782178220 1.851217620289 1.471091988063 0.002066055440 1.340326088131 1.358412549794
2.861386138610 1.847816592628 1.470295925135 0.001658671934 1.340173591913 1.357860917317
2.900990099010 1.845316034621 1.469724134410 0.001212099888 1.340050131980 1.357387901830
2.940594059410 1.843670852650 1.469353747234 0.000738008484 1.339962122342 1.357039328759
2.980198019800 1.842855382726 1.469172245421 0.000247846419 1.339917239356 1.356855527996
3.019801980200 1.842855144250 1.469171942248 -0.000247743523 1.339916735070 1.356855269403
3.059405940590 1.843670613963 1.469353595641 -0.000738019347 1.339962122342 1.357039328770
3.099009900990 1.845315675952 1.469723830956 -0.001212048832 1.340049879787 1.357387384225
3.138613861390 1.847817072151 1.470296076876 -0.001658648326 1.340173844153 1.357861176205
3.178217821780 1.851217259323 1.471091987901 -0.002066001439 1.340325331240 1.358411642615
3.217821782180 1.855255159333 1.471985513416 -0.002529937701 1.340498429177 1.358994353593
3.257425742570 1.859939049391 1.472982642424 -0.002955339354 1.340682426284 1.359568091747
3.297029702970 1.865295334192 1.474101630224 -0.003322837850 1.340877331520 1.360111894289
3.336633663370 1.871654071997 1.475470221565 -0.003709731185 1.341081891468 1.360623516098
3.376237623760 1.878994345601 1.477072136242 -0.004103146193 1.341298388907 1.361123785383
3.415841584160 1.887315915715 1.478900366124 -0.004490827625 1.341535302525 1.361651927360
3.455445544550 1.896631789222 1.480956329334 -0.004861205501 1.341802894407 1.362260561572
3.495049504950 1.906971049594 1.483247655877 -0.005202489986 1.342111193444 1.363001448177
3.534653465350 1.918376239948 1.485789843248 -0.005502088334 1.342469493947 1.363921905651
3.574257425740 1.930809763254 1.488552119873 -0.005782585628 1.342886233497 1.365056410012
3.613861386140 1.944220438858 1.491488571777 -0.006075950151 1.343368997340 1.366427633393
3.653465346530 1.958814962591 1.494695404348 -0.006322554387 1.343916786218 1.368029665518
3.693069306930 1.974681961189 1.498191754851 -0.006539662730 1.344529885784 1.369846833925
3.732673267330 1.991601040651 1.501890848644 -0.006666576106 1.345207330628 1.371854109140
3.772277227720 2.009661575957 1.505824953648 -0.006699343025 1.345944098929 1.374016483784
3.811881188120 2.029367049163 1.510160161346 -0.006705082086 1.346738474202 1.376309920105
3.851485148510 2.050761221403 1.514899303402 -0.006659986833 1.347591424206 1.378721877621
3.891089108910 2.073808757137 1.519979199294 -0.006596328798 1.348501892908 1.381251451508
3.930693069310 2.098646233117 1.525454803069 -0.006462983131 1.349477911834 1.383923132786
3.970297029700 2.125368630200 1.531344280871 -0.006244437999 1.350528344155 1.386772741715
4.009900990100 2.154087403746 1.537669886088 -0.005926824350 1.351666106785 1.389853126703
4.049504950500 2.184940046420 1.544462527356 -0.005493959431 1.352907060413 1.393224834073
4.089108910890 2.218086242511 1.551759569621 -0.004927561100 1.354266449983 1.396948566517
4.128712871290 2.253678065399 1.559564198427 -0.004244664021 1.355763827225 1.401091320229
4.168316831680 2.291965333291 1.567966084528 -0.003389410633 1.357416401573 1.405707501803
4.207920792080 2.333660019919 1.577148147033 -0.002417136007 1.359242681018 1.410849900667
4.247524752480 2.377167622313 1.586631611140 -0.001037598669 1.361260187380 1.416569199090
4.287128712870 2.424462025748 1.596982025164 0.000541382242 1.363491098896 1.422914911339
4.326732673270 2.475768670245 1.608236574289 0.002378960159 1.365956222197 1.429944011870
4.366336633660 2.531368401278 1.620449291160 0.004536629665 1.368680817592 1.437725326454
4.405940594060 2.591590598240 1.633688172863 0.007079970683 1.371697667919 1.446350751967
4.445544554460 2.656825479428 1.648042776433 0.010084235301 1.375043231931 1.455930064487
4.485148514850 2.727574747391 1.663704286854 0.013691383740 1.378762942466 1.466598104564
4.524752475250 2.804322040713 1.680743905837 0.017951535930 1.382913376429 1.478520624198
4.564356435640 2.887680567679 1.699343779709 0.022991413296 1.387560683848 1.491885092335
4.603960396040 2.978344071151 1.719701988865 0.028944439222 1.392783574416 1.506904166482
4.643564356440 3.077108936740 1.742049659706 0.035961570259 1.398676731349 1.523810531217
4.683168316830 3.185126631973 1.766876420137 0.044328960187 1.405354761585 1.542859710367
4.722772277230 3.303736592056 1.794614867292 0.054251700220 1.412954309749 1.564310928059
4.762376237620 3.432973756648 1.825376290248 0.066022012945 1.421641140166 1.588451565835
4.801980198020 3.574824669771 1.859835792538 0.079886179043 1.431613732084 1.615564964599
4.841584158420 3.731823173919 1.898775295306 0.096095565668 1.443113111818 1.645947736217
4.881188118810 3.905846599581 1.942910884256 0.115019861244 1.456434153203 1.679923250269
4.920792079210 4.099118774081 1.993108713289 0.137062593877 1.471936682096 1.717839715584
4.960396039600 4.314261382746 2.050401402596 0.162660040016 1.490054881571 1.760077377087
