1.5	0.3106651061596471	0.6258551337484949	0.00913401337324281	0.7635885743087184	0.7174414782626847
1.4990002	0.3101648566462676	0.625619265280808	0.009146854327660239	0.7635272607048146	0.7172712023268483
1.4980004	0.3098074227375243	0.6253168976976341	0.009170585547226839	0.7634711101860834	0.717111849615133
1.4970006	0.3094132291199327	0.6250403102596426	0.009195289001439278	0.7634132074038508	0.7169501619393175
1.4960008	0.3090089859705598	0.6247596792350041	0.009209521793080308	0.7633551030300888	0.7167935851143855
1.495001	0.3085634452511114	0.6244831241652341	0.009232024374119931	0.7632953105168995	0.7166240295342019
1.4940012	0.308144454949355	0.6242354781592488	0.009256463975873581	0.7632362949050771	0.7164636473466102
1.4930014	0.3077434808282677	0.6239234050032783	0.009272947213409979	0.7631777580480608	0.7162943175132092
1.4920016	0.3072937300303797	0.6236562937660181	0.009291228218606933	0.7631172563148045	0.7161308382490257
1.4910018	0.3069339480368295	0.6233613146928002	0.009312254022076949	0.76305986476764	0.7159701646403546
1.490002	0.3064644025315664	0.6231056929270294	0.009336651763261721	0.7629984326044479	0.7158016398558823
1.4890022	0.3061277241048483	0.6227802415818132	0.009361350253480307	0.7629416563554793	0.7156417099183684
1.4880024	0.3056663418477609	0.6225123646238706	0.009376772766978561	0.7628802845638702	0.7154693929189115
1.4870026	0.3052730582644076	0.6222607743487327	0.009405591542533091	0.762820902051331	0.7153056822862903
1.4860028	0.3047835656464898	0.6219915198243604	0.009431215180168725	0.7627584818787702	0.7151381299024459
1.485003	0.304413604635092	0.6216908378236415	0.009448908286446227	0.7626993037451266	0.7149657889092096
1.4840032	0.3039272729135446	0.6214344112036035	0.009465370174940597	0.7626364125125188	0.7147942725247999
1.4830034	0.3035548052983694	0.6211324859969509	0.009495449212952681	0.7625773609220555	0.7146339278795972
1.4820036	0.3031071630119402	0.6208679262248165	0.009513772903242138	0.7625154909299837	0.7144621438978342
1.4810038	0.3026642727988563	0.6205802508621963	0.009535649960409618	0.7624536306867893	0.714283330091707
1.480004	0.3023229638046912	0.6202986665248269	0.00956206315216321	0.7623951004315828	0.7141239567991735
1.4790042	0.3018206502503114	0.6200164057892069	0.009581406829454964	0.7623309118676127	0.7139443595041718
1.4780044	0.3014543267367651	0.6197240499439297	0.009612965125534358	0.7622713772306402	0.713786725166496
1.4770046	0.301055326296494	0.6194152821893164	0.009626011332695382	0.7622103485227023	0.7136106698715792
1.4760048	0.3006091468211681	0.619136971793622	0.009649299332757733	0.7621474816324418	0.7134374193440757
1.475005	0.3001492099065814	0.6188646508054457	0.009670700654762072	0.7620841928158403	0.7132565024865071
1.4740052	0.2997755078071129	0.6185754913584458	0.009692799964360921	0.7620233763917702	0.713089800026054
1.4730054	0.2993390280798377	0.6182973222889148	0.009719632212700202	0.7619602521964047	0.7129141301726992
1.4720056	0.2988477802294887	0.618033137960473	0.009732142624810083	0.7618951985276354	0.7127253171931296
1.4710058	0.2984662187395364	0.6177042371547133	0.00976081143049619	0.7618340817633502	0.7125585725518315
1.470006	0.298081208776651	0.6173977418756261	0.009787328097274183	0.7617726671215559	0.7123909688204491
1.4690062	0.2975544764950608	0.6171376912784647	0.009799747607900365	0.7617054573342756	0.7121939313298629
1.4680064	0.2972493691856881	0.6168256369001331	0.009837527270219078	0.7616465378037484	0.7120399877983756
1.4670066	0.2967379285856713	0.6165520446647267	0.009847771259580211	0.7615799024704218	0.7118498568587431
1.4660068	0.2962959103538083	0.6162799715808691	0.009871787920092698	0.7615152897922023	0.7116660379972283
1.465007	0.2959371487950608	0.6159504852919508	0.009899042959861546	0.761454140903475	0.7115023387170386
1.4640072	0.2954708422820929	0.6156540710105606	0.009910790238564017	0.761388344742325	0.7113122190047834
1.4630074	0.295032362682825	0.6154078081722835	0.009952102503168039	0.7613235864462019	0.7111385639587614
1.4620076	0.2945497736232356	0.6151507717209596	0.009973308905485921	0.7612571987055019	0.7109632125451972
1.4610078	0.2941565521143078	0.6148238113175557	0.009994679843471462	0.7611938520981469	0.7107749923880774
1.460008	0.293640868994323	0.6145746734311895	0.01002349088603143	0.7611256144733648	0.7105896269298311
1.4590082	0.2932647184868707	0.614259857787979	0.0100446653362308	0.7610624060763113	0.7104090425837094
1.4580084	0.2928904769982827	0.6139308399166925	0.01007571766966219	0.7609994981033539	0.7102335962664824
1.4570086	0.2924304479238043	0.6136329722690363	0.01008745767363151	0.7609328562681208	0.7100421274416723
1.4560088	0.2919663253438073	0.6133644280783835	0.01012119096502887	0.7608658312643752	0.7098640888865045
1.455009	0.291512648494765	0.6130986401571827	0.01014483833546648	0.7607993682321401	0.7096838505758284
1.4540092	0.2911261203411025	0.6127292332140839	0.01015851568583316	0.7607351684522772	0.7094939926153528
1.4530094	0.290662548673477	0.6124561531285506	0.01019396476205543	0.7606675212209564	0.7093052889628474
1.4520096	0.2902336947693746	0.612139351056523	0.01020654773651162	0.7606013127019751	0.7091184656377838
1.4510098	0.2898182218483903	0.6118683847138099	0.01024161683974899	0.7605355148383786	0.7089423195012021
1.45001	0.2894009072244131	0.6115879318196564	0.01026795929665991	0.7604690741140242	0.708761442535446
1.4490102	0.2889363613731091	0.6112746511665044	0.01029311430757006	0.7604007359254763	0.7085571670745531
1.4480104	0.2885760592234192	0.6109015243467191	0.01030927811415009	0.7603367315543547	0.7083830783318875
1.4470106	0.2880458197948005	0.6106694085926714	0.01034060870488318	0.7602652319181512	0.7081827963696966
1.4460108	0.2876012087503477	0.6103432852470212	0.01035301708572752	0.7601975547509545	0.7079797356567167
1.445011	0.2871816010242381	0.610079232654497	0.01039788058508317	0.7601304189095959	0.7078086575715039
1.4440112	0.2867846692214598	0.6097436778179389	0.01041468185799299	0.7600639131722218	0.7076196857697435
1.4430114	0.2863300119496585	0.6094365894955019	0.01043968367383426	0.7599951943200908	0.7074234640952759
1.4420116	0.2858538948761188	0.6091616933706158	0.01046310225230574	0.7599254782254026	0.7072280974674906
1.4410118	0.2854454439190973	0.6088709277501195	0.01049596538667816	0.7598577925546055	0.7070439654554606
1.440012	0.2849776291302759	0.608532913914428	0.01052065127294191	0.7597877592697523	0.7068437909805216
1.4390122	0.2845330930822553	0.608246775286579	0.01054819174545303	0.7597184902157056	0.7066591551104557
1.4380124	0.2841453140459628	0.6078985588577464	0.01057135743464886	0.7596513639112155	0.7064631749124406
1.4370126	0.2836239701063737	0.6076210473167919	0.01059274479833175	0.75957864304046	0.7062576014841806
1.4360128	0.2832240904556162	0.607299204882054	0.01062239816657991	0.7595104464950425	0.7060630698297534
1.435013	0.282718014934604	0.6070170484092255	0.01063791857880493	0.7594382353391815	0.7058627235233053
1.4340132	0.2822770517533668	0.6067126723279435	0.01066409776792155	0.7593677508990029	0.7056652040504608
1.4330134	0.2818088524106732	0.6064230016777847	0.01069238734214737	0.7592968166600567	0.7054700542892196
1.4320136	0.2814196325029872	0.6060804295817415	0.01072303603350712	0.7592279428258988	0.7052720449718465
1.4310138	0.2809585142550763	0.6057542755783601	0.01073718353500059	0.7591569334927423	0.7050636873013935
1.430014	0.2804987521618056	0.6054632778489603	0.01076449883516876	0.7590853125793238	0.7048654690018336
1.4290142	0.2800437390302413	0.6051480481063393	0.01078767176645859	0.759013600481906	0.7046645537528493
1.4280144	0.2796109762206969	0.6048336331061027	0.01081684080129194	0.7589430225110959	0.7044600483397422
1.4270146	0.2791627981672121	0.6045353252064691	0.01085746165594228	0.7588710953422912	0.7042699604743579
1.4260148	0.2786863619830922	0.6042455090051133	0.01087997339031636	0.7587980222924775	0.704063624181522
1.425015	0.2782858525232317	0.6039089425026948	0.0109105469556513	0.7587280187120871	0.7038725307081077
1.4240152	0.2779253613223099	0.6035027217490836	0.01093317646259168	0.7586595267684784	0.7036691355044596
1.4230154	0.2773673339586678	0.6032718074013568	0.01095442691201545	0.758582144802868	0.7034544056091586
1.4220156	0.2768828679763049	0.6029551219556472	0.01098475325702775	0.7585075998735137	0.7032452635408449
1.4210158	0.2764946521619602	0.6026342520529195	0.01101499235404416	0.7584376535797538	0.7030588156945933
1.420016	0.2760187440512159	0.6023398433093895	0.01105104123972201	0.7583630467156655	0.7028496089111134
1.4190162	0.2755427452347025	0.6020310723444077	0.01106836920035125	0.7582884707388025	0.702636397009879
1.4180164	0.275035418370201	0.601705107120499	0.01108790887060432	0.7582130111584314	0.7024205613457002
1.4170166	0.2747082032520274	0.6013509694561581	0.01113283327269152	0.758143933429809	0.7022231683904885
1.4160168	0.2741718816883836	0.6010321893007545	0.0111415324991662	0.7580666257444508	0.7020001151517389
1.415017	0.2737950117340169	0.60069640628139	0.01118795184042628	0.7579957912962965	0.7018095109046182
1.4140172	0.2732650122091855	0.600441439620726	0.01121112083169226	0.7579179486006798	0.7015924448801536
1.4130174	0.27278871880084	0.6000695683248676	0.0112328790950769	0.7578417239700836	0.7013598388755817
1.4120176	0.2723094810133033	0.5997806594107825	0.01125525275398319	0.7577658995750772	0.7011459316931199
1.4110178	0.2718643230698858	0.5994461847272121	0.0112838073549652	0.7576909918637761	0.7009386836424032
1.410018	0.2714243166106532	0.5991124405698105	0.01131278558216281	0.7576161213548414	0.700726632293628
1.4090182	0.270997631865029	0.5987970538594064	0.01133604765374719	0.7575420304973927	0.7005073623545516
1.4080184	0.2705085126431812	0.598474730703887	0.01136535441411092	0.7574642505469071	0.7002974399881041
1.4070186	0.2700659425811509	0.5981641857039393	0.01140160530432788	0.7573888764330358	0.700099565329932
1.4060188	0.2696279681168262	0.5978260644218638	0.01144187329005815	0.7573128886520583	0.6998797751345914
1.405019	0.2691024552244677	0.5975071820462026	0.01144370275376093	0.7572339337682753	0.6996436823960461
1.4040192	0.2687617603603888	0.5971339107061535	0.01149137069286669	0.7571616824907798	0.6994548973367981
1.4030194	0.2681500125704853	0.5968870135016984	0.01152964185639727	0.757078048937379	0.6992223382141362
1.4020196	0.2677881143218242	0.5965086094730585	0.01156066062731726	0.7570047876281423	0.6990121826955724
1.4010198	0.2672539203880254	0.5961881441035387	0.01157754261729838	0.7569242046228921	0.6987804581322877
1.40002	0.26689154098278	0.5958360039641751	0.01160264198827022	0.7568511791007758	0.6985661632054885
1.3990202	0.2663903768911857	0.5955262130073954	0.01163660446199934	0.756770468378931	0.6983456476695922
1.3980204	0.2658462650216304	0.5952152469508539	0.01166517757087487	0.7566887781721043	0.6981094829260223
1.3970206	0.2654322902821291	0.5948577791539525	0.01170268849714936	0.7566124534751365	0.6978988511471539
1.3960208	0.2649907206351583	0.5945200469243492	0.01173423494150744	0.7565341025821962	0.6976842537051576
1.395021	0.2645156724891748	0.5942040106960378	0.01175603510478363	0.7564544319461989	0.6974580689803428
1.3940212	0.2640526745238398	0.5938503133788355	0.01178092919411484	0.7563759383376552	0.697222807825013
1.3930214	0.2635368693796062	0.5935485645243019	0.01180964484505047	0.7562931815729981	0.6969895608788258
1.3920216	0.2631155755881828	0.5932024973016445	0.01185391427852571	0.7562150059617543	0.6967744451140102
1.3910218	0.2625987693708946	0.592876225659289	0.01188157181347528	0.7561334289162545	0.6965395799567368
1.390022	0.2622964092584483	0.5924686164529439	0.01193942590454731	0.7560604329616446	0.696345689061274
1.3890222	0.2617179704295426	0.5921598497808521	0.01193542698769529	0.7559748905006602	0.6960866377887028
1.3880224	0.2612135599592579	0.5919052703072816	0.01197828940443559	0.7558917038678015	0.6958628193152366
1.3870226	0.2607351722872044	0.5914983048265456	0.011984903864396	0.7558105756529663	0.695605176095708
1.3860228	0.2602496754398357	0.5911587359494457	0.01200808084328906	0.7557288441093872	0.6953671646367156
1.385023	0.2597201464702335	0.5908970473209016	0.01207131041490943	0.7556432410273667	0.695155057185714
1.3840232	0.2593391892446101	0.5905272541625863	0.01211219465254969	0.7555654073375865	0.6949364183320969
1.3830234	0.2588517755508479	0.5901599724553888	0.01212611683834531	0.7554830251429741	0.6946879153454126
1.3820236	0.258403709670273	0.589841124375187	0.0121779195411848	0.7554003751542363	0.6944730107754251
1.3810238	0.2579192196839586	0.5894839474308312	0.01218721827578544	0.7553184792330248	0.6942272568063688
1.380024	0.2575394777335864	0.5890720957932488	0.01222721888555016	0.7552397161278888	0.6939978989189907
1.3790242	0.256893193903101	0.5888138120813987	0.01224654328709091	0.7551475676343172	0.6937443678956401
1.3780244	0.2565233759612571	0.5883811571202544	0.01226852455329613	0.7550692381137509	0.6935018116445965
1.3770246	0.2560113475302415	0.5881408376643229	0.01232141871068171	0.7549832540178909	0.6932875738326335
1.3760248	0.2555895907380621	0.587707182733663	0.01235449245947539	0.7549021846200128	0.6930361296338543
1.375025	0.2550614556024919	0.587378054807173	0.0123695879797317	0.7548151142427424	0.69278756605151
1.3740252	0.2547895206533372	0.5869626981452509	0.01244843348759312	0.754740303500214	0.6925996975862267
1.3730254	0.2541895318809235	0.5866880484006621	0.0124570826990999	0.7546497497735	0.6923274370162109
1.3720256	0.2536310306707688	0.58640338751162	0.01249910979793335	0.7545607645327056	0.6920837547276576
1.3710258	0.2532022371627073	0.585978777097054	0.01252513923073639	0.7544766498567643	0.6918311661416291
1.370026	0.2526509559440875	0.5856794550187929	0.0125502598540272	0.7543882956089466	0.6915836815099449
1.3690262	0.2522222155666949	0.5853140444810788	0.01258242224814491	0.754303481794686	0.6913525480269765
1.3680264	0.2516720503633728	0.5849592293741854	0.0126174143526872	0.7542142836383013	0.6910855691012013
1.3670266	0.2512562786271775	0.5846397350668574	0.01265130823377042	0.7541312936377969	0.690851692244231
1.3660268	0.2506898565995444	0.5843137315999763	0.01267893354921052	0.7540401448345855	0.6905981647672466
1.365027	0.2503518387193708	0.5838089901347772	0.01272077453345987	0.7539596861013967	0.6903482460171926
1.3640272	0.2498526992404491	0.5834751463860556	0.01275012448362409	0.7538703996630091	0.6900942962543114
1.3630274	0.24933744096841	0.5831725513974786	0.0127839588889136	0.7537811424355914	0.6898509089303292
1.3620276	0.2488550455685815	0.5827524335834884	0.01278812769012803	0.7536945498743068	0.6895796950598592
1.3610278	0.2483848259093743	0.5824499592512984	0.01285882239758186	0.753605879974046	0.6893524288947613
1.360028	0.2477288188204628	0.5821847204266278	0.01287409134509039	0.753508240597354	0.6890790730891281
1.3590282	0.2474025340452259	0.5817133436190448	0.0129173188412889	0.7534276578959394	0.6888252046137862
1.3580284	0.2469360105212233	0.5813799635130061	0.01295460664353602	0.753340612890558	0.688580609161095
1.3570286	0.246467788947944	0.5810102722525278	0.01299865212393535	0.7532524047636903	0.6883398869839249
1.3560288	0.245954855087007	0.580691490123587	0.0130296516422226	0.7531595651188729	0.6880972498810841
1.355029	0.2454527929585571	0.5802639515449445	0.01305492717208423	0.7530676969504776	0.6878117842978889
1.3540292	0.2448992263672443	0.5799729801339943	0.01310213190796243	0.7529740342460243	0.6875468951083136
1.3530294	0.2444100495398147	0.5796060351849394	0.0131329486914919	0.7528840257238737	0.687290181601357
1.3520296	0.2439618688000841	0.5792100537689308	0.01317959739507483	0.7527942933418892	0.6870331717830598
1.3510298	0.2433746669228755	0.5788960543661107	0.01319079126192311	0.7526987946992617	0.6867573953240509
1.35003	0.2429572442433455	0.5784896547277328	0.01322334447073021	0.7526114882656948	0.6864879878919977
1.3490302	0.2424474347764125	0.5781616907012604	0.01327009020374859	0.7525181321295915	0.6862339250803108
1.3480304	0.2419912857301398	0.5777555576132003	0.01330315842309448	0.7524269245076819	0.685971915824882
1.3470306	0.2415297799308121	0.5773525660718709	0.01334833482174505	0.7523351142255522	0.6857156889163037
1.3460308	0.2409729542345777	0.5770110783149545	0.01338132955672188	0.7522397931460642	0.6854273720361188
1.345031	0.2405485321945244	0.576659679259574	0.01343188038513226	0.7521490415154691	0.6852025252348041
1.3440312	0.2399934143476459	0.5762214662733212	0.01342551673568096	0.7520545308947951	0.6848790984713807
1.3430314	0.2395569179252282	0.5758424517800419	0.01348543097725277	0.7519627736626189	0.684620572210479
1.3420316	0.2390884259366634	0.5755122315460208	0.01354390678574015	0.7518701944406955	0.6843871479268934
1.3410318	0.2385472819531139	0.5751030276565511	0.01355294239786332	0.7517738660021543	0.6840780480450446
1.340032	0.2380145795090846	0.5747955560764836	0.01360478082622618	0.7516778736573039	0.6838201116706529
1.3390322	0.2376912105223549	0.5743405011542854	0.01367223707221282	0.7515886035364651	0.683592515898987
1.3380324	0.2370406318135556	0.5740020582162525	0.01367514326148879	0.7514874159325738	0.6832723993217199
1.3370326	0.2365698395888266	0.5736815842419078	0.01373591311262478	0.7513923914630823	0.6830155020962645
1.3360328	0.2360217273022974	0.5733326035257506	0.0137592515664191	0.7512928440191141	0.6827374755956589
1.335033	0.2354828512825058	0.5729188716430373	0.01380357037984534	0.7511932954486462	0.6824407758293335
1.3340332	0.2350406693374229	0.5725430259060458	0.01382882851670594	0.7511024650597976	0.6821599241509466
1.3330334	0.2345923961158398	0.5720804236663882	0.01384787179979354	0.7510072074418681	0.6818878625126106
1.3320336	0.2340407385735919	0.571776701670531	0.01390465641334495	0.7509054616566341	0.6816160993076926
1.3310338	0.2336252623404069	0.5713159685126026	0.01395962710874294	0.7508120385911468	0.6813464837624111
1.330034	0.2331135987775207	0.5709668119196991	0.01399277465569155	0.7507142826151463	0.6810650626699136
1.3290342	0.2325403209005009	0.5706090395727479	0.01401753861695867	0.7506121406218603	0.6807540245800029
1.3280344	0.2320727723332296	0.570229581070824	0.01406581846741212	0.7505146545587964	0.6805056025022557
1.3270346	0.2316444854511641	0.5698005340150495	0.0141236955032983	0.7504200188654793	0.6802283304235711
1.3260348	0.2310752031670642	0.5694231945173039	0.01415476857109163	0.7503157524327491	0.6799148047944172
1.325035	0.2305182361224737	0.5690684380480053	0.01418882210844445	0.7502147842246846	0.6796219876484283
1.3240352	0.230153361837692	0.5685562589306862	0.01422636424430775	0.7501226598898308	0.6793399070015497
1.3230354	0.2295892313149138	0.5682527631654624	0.01428043081560772	0.7500161632294852	0.6790653334928562
1.3220356	0.2289974535296389	0.5679207958897897	0.01430371311345704	0.7499107785918572	0.6787607515664879
1.3210358	0.2285915452053963	0.5674251696059849	0.01434329872635055	0.7498184416966043	0.6784672360671259
1.320036	0.2280051105904188	0.5671157986739322	0.01437804287960561	0.7497118435212481	0.6781615513408018
1.3190362	0.2275471357115599	0.5666388872052601	0.01442405048981571	0.7496124083649006	0.6778533685651499
1.3180364	0.2269794340937156	0.5663307181691762	0.01446646376924336	0.7495036418860826	0.6775642681291727
1.3170366	0.2266094361179469	0.5658484790674435	0.01452402945814009	0.7494113061534745	0.6773061326948842
1.3160368	0.2259791353410672	0.5655064351591595	0.01453236694542877	0.7493005169160372	0.6769732828372963
1.315037	0.2255042388289704	0.5651026853720794	0.01459829988183907	0.7491993684188322	0.6766942011182093
1.3140372	0.2249915723240609	0.5647580003826402	0.01464950266220399	0.7490928787914986	0.6763906945791941
1.3130374	0.2245006270092705	0.5643608638935103	0.0146889422680827	0.7489919891949179	0.6761010109586412
1.3120376	0.2240346594960167	0.5638720551260746	0.014728228909121	0.748887928524844	0.6757738607481303
1.3110378	0.22340193761408	0.5635709937639056	0.01475736073844434	0.7487783591181644	0.6754592893236729
1.310038	0.2229738350411823	0.5631313747345708	0.0148253992663117	0.7486769548609993	0.6751914146535408
1.3090382	0.2224605662813931	0.5627106430053759	0.01484849085914637	0.7485719022926537	0.6748727795760123
1.3080384	0.2220719630867959	0.5622704825868838	0.01492914176132049	0.7484766737439571	0.6746090036072108
1.3070386	0.2213752633381572	0.561960051930174	0.01494009855780375	0.7483541743759439	0.6742573777645334
1.3060388	0.2209560676440311	0.5614711200790622	0.01496434272650275	0.7482525832979277	0.6739569516235617
1.305039	0.2204736309821594	0.5610202249383959	0.01503095831268215	0.7481527711005629	0.6736484679739886
1.3040392	0.2200081485391094	0.5605910269976069	0.01508598460039086	0.7480454458161023	0.6733545182134886
1.3030394	0.2193734537881963	0.5603098664848998	0.0151090366323595	0.7479330767240648	0.6730206675210112
1.3020396	0.219053644010912	0.5597701485681313	0.01518857257578167	0.7478319790175715	0.6727475575048456
1.3010398	0.2183611267403521	0.5594960209801246	0.01520621131558756	0.7477156786941148	0.6724077338694369
1.30004	0.2179332759866945	0.5590307423790705	0.01527644618012772	0.7476095350253673	0.6721093808079202
1.2990402	0.2173587715052418	0.5585612667164944	0.01528110903242308	0.7474987835860291	0.6717399968368472
1.2980404	0.2168266904299712	0.5582102831914969	0.01535113462771346	0.7473844100543331	0.6714409320648804
1.2970406	0.2163328159440457	0.5578384319768155	0.01540398229689733	0.7472804871379309	0.6711372444583232
1.2960408	0.2156478594644773	0.5575636123043479	0.01543025925231178	0.7471541330117524	0.6708054079460885
1.295041	0.2152739561984103	0.5569968241521283	0.01550595540371556	0.7470534526975195	0.6704951888728276
1.2940412	0.2147932811818974	0.5565413267304031	0.01553160324186154	0.7469472578921288	0.6701645373094413
1.2930414	0.2143541865573474	0.5560391525239802	0.01559278128975413	0.7468415175874984	0.6698499918503571
1.2920416	0.2137921603249028	0.5556513892866838	0.01563769748115229	0.7467238898889386	0.6695201479768049
1.2910418	0.2133339550567286	0.5552021930794531	0.01569927766441835	0.7466201359685219	0.6692104960652677
1.290042	0.2126920455483302	0.5548728924622539	0.01570703912912484	0.7464966353194761	0.6688551435954748
1.2890422	0.2122131589706956	0.554350005276262	0.01574312272792013	0.7463908810562919	0.6685085050112011
1.2880424	0.2116755180728704	0.5540373264832266	0.01582798332862852	0.7462682354801774	0.6681968072761079
1.2870426	0.2111142125058303	0.5536158415917025	0.0158646840174901	0.7461499987297729	0.6678566895535301
1.2860428	0.2106066233572666	0.553183915037095	0.01590061236685569	0.7460408759924954	0.6675256029213099
1.285043	0.2101606321568314	0.5526744608694623	0.01597106860883585	0.7459286404129872	0.667200622350233
1.2840432	0.2096376137241736	0.5522199403898892	0.0160254353941432	0.7458139122518492	0.6668773501815346
1.2830434	0.2090947861477096	0.5518761829012584	0.01608960908204821	0.7457001661762225	0.6665498213897392
1.2820436	0.20842697393607	0.5515769823055028	0.01610556146438175	0.7455659277029578	0.6661678574212732
1.2810438	0.2080361110594369	0.5510323590851841	0.01615867968361383	0.7454674141210964	0.6658673637502017
1.280044	0.2074478621967858	0.550643637978294	0.0162023191023628	0.7453381915626149	0.665511536184384
1.2790442	0.2070184184833322	0.5501318001936782	0.01627551873281645	0.7452310891083428	0.6651819461551883
1.2780444	0.2064841240919172	0.5497264912166382	0.01633628647765608	0.7451070234817163	0.6648398966966528
1.2770446	0.2059068026915883	0.5493282102638453	0.0163606866562041	0.7449914739016665	0.6644696995164726
1.2760448	0.2053607399295735	0.548898097688059	0.01639383175866984	0.7448642319397512	0.6641213894841406
1.275045	0.2049011673058181	0.5483544838889818	0.01645508908921919	0.7447545596932477	0.6637624807291526
1.2740452	0.2043355697525079	0.5479859029437485	0.01651618891738648	0.7446306979880764	0.6634200566178999
1.2730454	0.2037809800209226	0.5475963038826932	0.01657044299705397	0.7445014402765385	0.6630583411914066
1.2720456	0.2033091951177111	0.5469932095719836	0.01661700639723879	0.7443968619021738	0.6626934883018005
1.2710458	0.2027775802437252	0.5466179429784832	0.01667083740406941	0.7442682083004605	0.6623574232326015
1.270046	0.2022494316198161	0.5461981139615345	0.01674138027408568	0.7441510187429964	0.662025361830933
1.2690462	0.2017312075266937	0.5457845530520019	0.0167794094103544	0.7440256900028311	0.6616735235617054
1.2680464	0.2011339451316058	0.5453747972233345	0.01681858991641154	0.7438964971188767	0.6613003003251021
1.2670466	0.2006221021775715	0.5449155819810027	0.0168897828251163	0.7437723911408074	0.6609431758364394
1.2660468	0.2001802243014087	0.5444095903413787	0.01696618092035947	0.7436611362996389	0.6606326690323716
1.265047	0.1996400559407555	0.5438647797827231	0.01700602979421669	0.7435407147834252	0.6602218095782983
1.2640472	0.199048788921616	0.5435409883555083	0.01703852847164234	0.7434076541002719	0.6598426564360809
1.2630474	0.198584442991081	0.5430396274335134	0.01710187388928917	0.7432883686069941	0.6594970555495592
1.2620476	0.1980727873083686	0.5425786204966805	0.01716926078317875	0.7431628722923703	0.6591363051475014
1.2610478	0.1976308106067072	0.5420576852744354	0.01725652128228626	0.7430396594262259	0.6587750433352879
1.260048	0.1969959644244038	0.54168162988999	0.01728870129238865	0.7429117425782595	0.6584255489903127
1.2590482	0.196540423917381	0.5411605525228116	0.01737094441334697	0.742785783730016	0.6580602941316472
1.2580484	0.1959266772942107	0.540772196795604	0.01739552552396533	0.7426619796305742	0.6576640647322942
1.2570486	0.1953976026008261	0.5403323249869736	0.01744368312989224	0.7425259150147385	0.6572841057327764
1.2560488	0.1948267862791404	0.539908965268827	0.01749529300231964	0.7423870636549094	0.6569073998418824
1.255049	0.1943575120074887	0.5392844253705034	0.01755770631305403	0.7422692700958977	0.6564879588706167
1.2540492	0.1936074644532758	0.5390964930635004	0.01759358632218459	0.7421216850758376	0.6560944157587375
1.2530494	0.193296497243149	0.5382925841281442	0.0176722210199888	0.7420182817174148	0.6557301988672148
1.2520496	0.1926528537520064	0.5379499872321116	0.0176949415190543	0.7418711703915719	0.655306841269503
1.2510498	0.1922782825189214	0.5374095586930626	0.01783977000440777	0.7417669597053899	0.6550250367578193
1.25005	0.1916123217906014	0.5371119992689488	0.01784956436684125	0.7416101872476881	0.6546042717631609
1.2490502	0.1911281099509408	0.5366025125503814	0.01792513956584271	0.7414876230311713	0.6542481416820083
1.2480504	0.1905727851382807	0.5360912784041622	0.01796168739790381	0.7413438149361001	0.6537902820687039
1.2470506	0.1900424017884318	0.5356938383843609	0.01807821578660924	0.741217040259446	0.6534650417988485
1.2460508	0.1896879157328945	0.5350627668646666	0.01816838835301815	0.7410964931885391	0.6531471352541821
1.245051	0.1890611493505805	0.5347115392454459	0.01818042934501801	0.7409565510986361	0.6527132160585284
1.2440512	0.1884420188003753	0.5342473491932391	0.01822947711012628	0.7408071501876573	0.6522561585635253
1.2430514	0.1879622966048429	0.5337906219088095	0.01828829858939202	0.7406748120283627	0.6518804774346317
1.2420516	0.1873946646585573	0.533238586700657	0.0183725158345223	0.7405495183455043	0.6514584195779157
1.2410518	0.1869233829702297	0.5326368497267615	0.01841942413376665	0.7404177739483422	0.6510497009289975
1.240052	0.1864045257851878	0.5322406375479729	0.01851772055530483	0.7402811926428678	0.6507351280124845
1.2390522	0.1857878679896124	0.531806826395223	0.01849884235364375	0.740129123519496	0.6502460372499486
1.2380524	0.1852594095122199	0.531201425948416	0.01856941049150749	0.7400052598809888	0.6497930643899242
1.2370526	0.1847947743965286	0.5307888944268451	0.01867366370591145	0.7398649167567704	0.6494679973161123
1.2360528	0.1843112429526244	0.5302219793095954	0.01874030952134725	0.7397315306465111	0.6490651358456847
1.235053	0.1837492994425663	0.5297565080239581	0.01882247908878103	0.7395915798194564	0.6486560242337371
1.2340532	0.1831158743331205	0.5293389883831403	0.01886482684563629	0.7394459599547595	0.6481890322580277
1.2330534	0.1826269841014407	0.5287685032262541	0.01894252351534795	0.7393094533228445	0.6477804262218451
1.2320536	0.1820267876386703	0.5282847700324024	0.01899961800356613	0.7391647401921878	0.6473550782516539
1.2310538	0.1815353250183984	0.527867778678049	0.01906617014376285	0.7390215926510429	0.6469738388089572
1.230054	0.1810257748537938	0.5273492534584905	0.01916387830616874	0.7388730447875488	0.6465737359532452
1.2290542	0.1805046817131724	0.5269191015480637	0.01924970068663444	0.7387364050746849	0.646202564814378
1.2280544	0.1800054129790271	0.5262310612438145	0.01930971301779741	0.7386059359552501	0.6457434105723573
1.2270546	0.1793788454987541	0.5258856484316222	0.01932709389264949	0.7384446098350069	0.6452781669458965
1.2260548	0.1788346067492675	0.5254515107285	0.0194035580047928	0.7382995080050329	0.6448756863934572
1.225055	0.178302656934776	0.524784073001469	0.0194759042792448	0.7381557354253191	0.6443822141093022
1.2240552	0.1777102356850714	0.5242570808504358	0.01954451165909111	0.7380160933543976	0.6439471425533223
1.2230554	0.1773052054367916	0.5237564180133184	0.01968633340584059	0.7378908483841554	0.6436329570652586
1.2220556	0.1767315507420774	0.5234236008476625	0.01970464299331802	0.7377230245121791	0.6432226349331157
1.2210558	0.1761949725027218	0.5227231314074439	0.01979264789242864	0.7375894239908347	0.6427392101901799
1.220056	0.1756530605744236	0.5223460839510596	0.01987653116891921	0.7374307817214319	0.6423047976142511
1.2190562	0.1750781535155168	0.5218233297573089	0.01995171190794342	0.7372861474933954	0.6418535223122266
1.2180564	0.1745338581024839	0.521318435592819	0.02003043130350011	0.7371348260941291	0.6414226981928278
1.2170566	0.1740180169812319	0.5208688803974274	0.02004055133463419	0.7369688562057026	0.6409687246494792
1.2160568	0.1734973638450501	0.5203156858291951	0.0201598635559508	0.7368141840682435	0.6405492749846111
1.215057	0.172988597658044	0.5198109016027748	0.02022950746291237	0.7366625464246513	0.6401202715147206
1.2140572	0.1724867961366172	0.5192271312100282	0.02030848910898405	0.7365261665209345	0.6396491148549333
1.2130574	0.1718712272662774	0.5185944059660538	0.02039914541866326	0.7363776400216583	0.6391351145181773
1.2120576	0.1713297141559682	0.5182344709920358	0.02045911235670611	0.7362021930958629	0.6387240447381963
1.2110578	0.170897857433381	0.5176028964447307	0.02064938704376443	0.736083223402004	0.6384076301456741
1.210058	0.1702457351071569	0.5169944812441929	0.0205929447194747	0.735921622316125	0.6377414460847028
1.2090582	0.1696918092035666	0.5165953004254011	0.02070245060646451	0.7357699388165354	0.6373730869097086
1.2080584	0.1691453083455497	0.516091135869039	0.02074143305211089	0.7355993283839805	0.6368439933932196
1.2070586	0.1688221163483946	0.5154080318073366	0.02085733487368488	0.735447345328251	0.6364941014014566
1.2060588	0.1681593748388726	0.514948146974784	0.02099356500629415	0.7352954183778724	0.6360064131153524
1.205059	0.1676766239936878	0.5143608770386427	0.02105951226086287	0.7351409577729844	0.6355640824749996
1.2040592	0.1670982716187784	0.5140182939739983	0.02110557468128311	0.7349518529214433	0.6350420439209904
1.2030594	0.1665562924238063	0.5134126013487476	0.02121035157250633	0.7348033084990595	0.6345664584886923
1.2020596	0.1659392798679026	0.5128056531736467	0.02122810791448552	0.734649409129687	0.6340231115022817
1.2010598	0.1654991804165993	0.5123152055951689	0.02141767013328624	0.7344911459822421	0.6336856305245997
1.20006	0.1649758286335003	0.5116870885964218	0.02153193234020626	0.7343433665941979	0.6332148618342867
1.1990602	0.1643512026990853	0.511209655930893	0.0215213296477626	0.7341679964598119	0.6326584061443593
1.1980604	0.1638798921990708	0.5106465004622868	0.02168128672153497	0.7340122258934321	0.6322054181538165
1.1970606	0.163287889203952	0.5101395421691087	0.02171809827431111	0.7338486638285853	0.631712559912601
1.1960608	0.1627418728041835	0.5093979150271732	0.02188193226193292	0.7337051461867644	0.6311997763032952
1.195061	0.162278716574765	0.5087988398305834	0.02202680870877611	0.7335493548646606	0.6307770094060297
1.1940612	0.1617578279943809	0.5084523736401693	0.02196514561259007	0.7333529318450861	0.6302450704497325
1.1930614	0.1611908216182567	0.5079348754786817	0.02203202042618874	0.7331770623536509	0.6297105690532494
1.1920616	0.1607533843520823	0.5072633182851128	0.02218784139507974	0.7330125662222116	0.6293010557092225
1.1910618	0.1602652838607822	0.5066807669833776	0.02225427633931754	0.7328450131219267	0.6287832654067953
1.190062	0.1595659467320524	0.5062154297695639	0.02233452642196882	0.7326859865985896	0.6282599258746604
1.1890622	0.1589785064019452	0.5056561916570226	0.02247889816738644	0.7325335227001036	0.6277718674208174
1.1880624	0.1586028075393435	0.5049690176283192	0.0225331134836542	0.7323350697783243	0.6272449116404479
1.1870626	0.1580057480349281	0.5045101327176404	0.0226056847585992	0.7321525042870308	0.6267174029826075
1.1860628	0.1573259514076083	0.5039264498027898	0.02270705459838498	0.7320070578185246	0.6261261345156696
1.185063	0.1570236194304427	0.5032907628546845	0.02287522988353742	0.7318237962397691	0.6257638549988852
1.1840632	0.1563760571900555	0.5027293968212676	0.02297400242990063	0.7316554984430357	0.6252032868836639
1.1830634	0.1558903557790144	0.5022644358085185	0.02307158795083526	0.7314795956794115	0.6247533408999667
1.1820636	0.1553355407676464	0.5017239740920111	0.02312267158399933	0.731301626421403	0.6241955041861474
1.1810638	0.1548545810500893	0.5009134898871501	0.02331547498512615	0.7311474241888811	0.6236995508996526
1.180064	0.1543085250824478	0.5002384777785027	0.02347877602518221	0.7309776179359144	0.6231870306887065
1.1790642	0.1537816288753217	0.5001351570042465	0.02331920563159049	0.7307291536436634	0.6225779490270607
1.1780644	0.1532440991364575	0.4992830117637962	0.02358504973781488	0.7306039079350625	0.6221667070871173
1.1770646	0.1526871776940439	0.4986646495467206	0.02371313949318251	0.730426890411138	0.6216503008898759
1.1760648	0.1521923439067512	0.4979248817466538	0.0237922181211343	0.7302583361490851	0.6210073755892932
1.175065	0.1515856445078951	0.4976950167359063	0.02378275112046758	0.7300443460508196	0.6204600614411484
1.1740652	0.1510583880890194	0.4970600716347719	0.02391587468493554	0.7298621832388059	0.6199517353193693
1.1730654	0.1506776942490491	0.4961906532503433	0.02412666514129429	0.7297054625081838	0.6194011880813852
1.1720656	0.1499965549943806	0.4960578312195154	0.02403409023459379	0.7294679792348256	0.6188112614744015
1.1710658	0.1496082435363052	0.4951659894511311	0.02419903022284338	0.7293027481806115	0.6182579955214169
1.170066	0.1490454911913227	0.4943124403465291	0.02447978231505174	0.7291632143419412	0.6178112538691602
1.1690662	0.1484306189750198	0.493988589197733	0.02453715914771849	0.7289579146283447	0.6172712061503808
1.1680664	0.1480280190561513	0.4932991360799013	0.02470156358096573	0.7287707587263343	0.6168087915905147
1.1670666	0.1473945618800095	0.4926452629029217	0.02481134786637509	0.7285996391188412	0.6160946652096874
1.1660668	0.1469656399089583	0.4919809431025925	0.02492821112767412	0.7284071705217371	0.6155739765917843
1.165067	0.1464949068066098	0.4916851412839754	0.02487823887732638	0.7281732116031792	0.6150778472255419
1.1640672	0.1460119152017378	0.490916606875771	0.02504041152452396	0.7279952196117627	0.6144907967397494
1.1630674	0.1454135457781388	0.4901791117318385	0.025275598440941	0.7278351668030069	0.6139578142332101
1.1620676	0.1448330678347181	0.4898830846856678	0.02526193346088839	0.7276020750377705	0.6133600636705553
1.1610678	0.1442497572992266	0.4891018757832511	0.02546536942139463	0.7274563754527527	0.6127829940612106
1.160068	0.1438253060511369	0.4884028520325933	0.02568909398259935	0.7272558524731333	0.6123063907874923
1.1590682	0.1432459956782009	0.4876746363448993	0.02581495276077169	0.7270828916835455	0.6116915900586279
1.1580684	0.1427421814179345	0.4869167356843636	0.02599487216684796	0.726889744832765	0.6111013524790504
1.1570686	0.1421475933606705	0.4864004203521042	0.02614893022252576	0.7267152249398772	0.6105992584797288
1.1560688	0.141585488162068	0.4859662611998496	0.02604785317511177	0.7264675220393967	0.6098036940053027
1.155069	0.1413359030611029	0.4851946623721188	0.02620058656411011	0.7262496131550541	0.6092896215902841
1.1540692	0.1405985453680687	0.4845182631920446	0.02638734217562804	0.7260933778503086	0.608717660662268
1.1530694	0.1403175046390374	0.483819393673284	0.02648547103971207	0.7258453975893266	0.6081299782714106
1.1520696	0.1396924525811773	0.4833518135401003	0.02657191714239606	0.725649905815114	0.6074687345220128
1.1510698	0.1392663358958295	0.4827068044535848	0.02670522006793605	0.7254248156273463	0.6069013914155789
1.15007	0.1386793749402364	0.4819465983190658	0.02682698445712631	0.7252465842935867	0.6062421802311774
1.1490702	0.13812130119258	0.4814616722759732	0.02694357096981178	0.7250339635306721	0.6057494948322945
1.1480704	0.1376986744681618	0.4806033769864808	0.02717385220205899	0.7248331108063064	0.6052099745201491
1.1470706	0.13711655721583	0.4798720446725714	0.02742621759041739	0.7246561738658091	0.604500596577652
1.1460708	0.13666822699818	0.4791836185942777	0.02750444007945148	0.7244433604970711	0.6038896275086897
1.145071	0.1361660690177274	0.4786776836445382	0.02754340616599664	0.7242192229484876	0.6034018906822201
1.1440712	0.135574452068783	0.4780808080724743	0.02773684017323271	0.7240165949384519	0.6027036982439817
1.1430714	0.1351303851686015	0.477220223620635	0.02792570572456737	0.723803207266637	0.6020387979492479
1.1420716	0.1345795612033741	0.4766704938412014	0.02801276292523848	0.723584769406156	0.6013659571276159
1.1410718	0.1340811571164453	0.4760371573427523	0.02810912563715129	0.7233594627188625	0.6007424154490116
1.140072	0.1335781411929284	0.4750716778090063	0.02840728350362609	0.7231696304055768	0.6000521562684472
1.1390722	0.1330229753737897	0.474307755769833	0.02876782938756797	0.7229920089001041	0.5995087274745906
1.1380724	0.1325560549095949	0.4739282994559414	0.02870557164111785	0.7227364260005102	0.598920725616683
1.1370726	0.1321062686242408	0.4730919656350407	0.02887766437049801	0.7225088135595148	0.5981665221512052
1.1360728	0.131614759275259	0.4722412363373233	0.02907840275074278	0.7223042568784939	0.5975780267975989
1.135073	0.1310153015936855	0.4716597671156529	0.02932770938536638	0.7221008744811586	0.5970131503515947
1.1340732	0.1305562101883545	0.4711993977271821	0.02930390301807782	0.7218467859845044	0.5962548608092452
1.1330734	0.1300461297157629	0.4702916165838122	0.02962675817738134	0.7216597108665728	0.5957555046436338
1.1320736	0.1296136583478274	0.4699523631080108	0.02947458665045644	0.7213516420998072	0.594929264985109
1.1310738	0.1292634349277796	0.469091449156773	0.02966079035482161	0.7211207815279548	0.5943197272492112
1.130074	0.1285683288306886	0.4681069472494165	0.03004283938910389	0.7209661658847522	0.5935850849954944
1.1290742	0.1281122569534445	0.4672993223089802	0.03031363579917225	0.7207366801871175	0.5929920275841266
1.1280744	0.1274505167428891	0.4667449115648079	0.03045420890503543	0.7205012860538467	0.5921705994264768
1.1270746	0.1270968821064351	0.4659838701652167	0.03063908198616124	0.7202446944470019	0.5916844680432189
1.1260748	0.1266071997181542	0.4651347693464087	0.03079529729915834	0.7200051853052764	0.590785769615831
1.125075	0.1261725180283865	0.4645998416278921	0.03090670629484454	0.7197608620573434	0.5901338434674516
1.1240752	0.1255713265233287	0.4634597196275516	0.0313875481571197	0.7195668743785225	0.5894784970428651
1.1230754	0.1249202031853096	0.4626462583568427	0.03181164419973412	0.7193430084309146	0.5886156556021852
1.1220756	0.1243008888184367	0.4611492015301469	0.03236857801350099	0.7191631439511713	0.5878285172644091
1.1210758	0.1243039973789211	0.46146700276615	0.03168695436214591	0.7188024127715298	0.5873745744956332
1.120076	0.1235200538310535	0.4607172000767408	0.03208088717240218	0.7185622752707448	0.586384711661801
1.1190762	0.1223827004536195	0.4582804845310821	0.03356651624525899	0.7184861722667079	0.5852816021319821
1.1180764	0.122368279048384	0.4582849594744441	0.03323714456587166	0.718145984084456	0.5848305727249771
1.1170766	0.1219227590388991	0.4573867610074744	0.0333425626508907	0.7179064301946888	0.5842913134843042
1.1160768	0.1215191744067945	0.4573516748691335	0.03304756477120325	0.7176108029431285	0.5836331171579998
1.115077	0.1211580005981066	0.456572774448718	0.03323155961098399	0.7173424168033925	0.5829087875379819
1.1140772	0.1207390023128973	0.4556332235540021	0.03364828685071238	0.7170778642416336	0.5821049509573836
1.1130774	0.1197783257633116	0.4543789355928893	0.03415014137897549	0.7168667625621432	0.5810599567693477
1.1120776	0.1195710558371004	0.4530535838559729	0.03465336760333313	0.7166249287435925	0.5802662053754616
1.1110778	0.1186725835356596	0.4521215375174675	0.0351937776508397	0.7164092376187191	0.5794660229466557
1.110078	0.1180957653384139	0.4504734046770575	0.03621956199442015	0.7161537786491539	0.5782326191503453
1.1090782	0.1178659227883479	0.4504902762735187	0.03557419501070133	0.7158647668105962	0.5779528490589457
1.1080784	0.1178640409670094	0.4511645531213492	0.03466437751998541	0.7154859695831153	0.5775904160968013
1.1070786	0.1167638721271722	0.4484513821380318	0.03654598669034899	0.7153392581810953	0.5760759838334789
1.1060788	0.1163716355607007	0.4482202464302185	0.03636674950864914	0.7150260081518477	0.575477905754096
1.105079	0.1160298934549124	0.4473556579627436	0.03647247480390814	0.7147518439861088	0.57482774813742
1.1040792	0.1147255630195099	0.4442059033893777	0.03863921238351273	0.7146148310487557	0.5730987502492337
1.1030794	0.1139490637373818	0.4423447324352542	0.03989673881913456	0.7143840303346325	0.5717880392140007
1.1020796	0.1146314258415273	0.4448878442098967	0.03729407659090017	0.7139130882301761	0.5723618183747267
1.1010798	0.1141714509684262	0.4439785660880209	0.03749236426796904	0.7136005304636276	0.5717484860268581
1.10008	0.1135314755752849	0.4426922051616614	0.03802964307345813	0.713388455875933	0.570784289180051
1.0990802	0.1128346667603555	0.441182505315837	0.03878482031344872	0.7130982815721674	0.5695243666759948
1.0980804	0.1119694035404269	0.4393520919161105	0.04001044417105948	0.712876426547765	0.5681239539918758
1.0970806	0.1119739237291501	0.4396542562024711	0.03932083064579555	0.7124657683176835	0.56777331540666
1.0960808	0.1111642955720458	0.437583200523808	0.04060340624265926	0.7122587077304621	0.5665329763723005
1.095081	0.109594128514496	0.4338059516430158	0.04327640335707002	0.7121781736276906	0.5643463508134313
1.0940812	0.1098428127038168	0.4350850791288462	0.04169989959709383	0.711719044791031	0.564533949832373
1.0930814	0.108823382394331	0.43202461302343	0.04400068275559934	0.7115056501314908	0.5625016453672397
1.0920816	0.1085456377061208	0.4317612518867004	0.0435369162078722	0.7111501522952093	0.5621059489423281
1.0910818	0.1079904368559956	0.4306896799340526	0.0440249625311336	0.7108394160989119	0.5610552956287769
1.090082	0.1080963372605733	0.4308954713539521	0.0431930370040438	0.7104683873722292	0.5609300986973424
1.0890822	0.1063616713394135	0.4268220415925069	0.04655967703117884	0.7103644261451065	0.5582274378234277
1.0880824	0.1059334849683234	0.4258379093806793	0.04672826740918765	0.7100665920836919	0.5573809716496055
1.0870826	0.1063215984444872	0.4272667803303868	0.04507091357535049	0.7096430578788611	0.5577723309143009
1.0860828	0.1061343203102354	0.4269423866373835	0.04490885169316194	0.7091824319866255	0.5569022101959304
1.085083	0.1058547371887123	0.4265493175711118	0.04458017841779927	0.7088471360343129	0.5566337835647738
1.0840832	0.1043157068582251	0.4225555228912119	0.04759869638311994	0.7086604742012269	0.5540063449913355
1.0830834	0.1048182134570946	0.4241447729283676	0.04572273759413897	0.7081937670284977	0.5544969588010035
1.0820836	0.1031531336906907	0.4198556493543581	0.04893701220647643	0.7081022547580614	0.5518445581886996
1.0810838	0.1037683733911003	0.4217933696478624	0.04684889749413095	0.707518128563874	0.5522039380305561
1.080084	0.1033830684594247	0.4211255446199981	0.04673194640398091	0.7071329611530607	0.5517897950964015
1.0790842	0.1017495246355552	0.4167057759834063	0.05025048753201328	0.7070574284814503	0.5488277900926533
1.0780844	0.1011602077893741	0.4150336475680065	0.05103531054217872	0.7066627844908707	0.5475963611386482
1.0770846	0.1006815115976032	0.4140719871223585	0.05139356129312976	0.7063284619928446	0.5464841859321561
1.0760848	0.0998499175993128	0.4116996216162551	0.05317512922685399	0.7060503256213297	0.5446323691111655
1.075085	0.09960263712457694	0.4116216404647765	0.05288146038566884	0.7057183035668301	0.5439125449639097
1.0740852	0.09870968160386712	0.4089701816959572	0.05473113108821594	0.7054384605750547	0.5420305144922957
1.0730854	0.0986913233925551	0.4089320483966485	0.05385152529697156	0.7048441763703421	0.5419660172623894
1.0720856	0.09802774326508638	0.4072779407620749	0.05529927884139857	0.704647451310197	0.5400380502908416
1.0710858	0.09818047746213435	0.4080346553424895	0.05352967131932396	0.7040806227699227	0.5407228224135923
1.070086	0.09712718231139932	0.4058373276224526	0.05495625493541918	0.7038950979753064	0.5390577445450724
1.0690862	0.09701928557605004	0.4050570090922674	0.05469245804868934	0.7032048570168357	0.5384821803268379
1.0680864	0.09643208686092579	0.4031688492948252	0.05610788712705372	0.7028601343887735	0.5365659990096592
1.0670866	0.09506781699287825	0.3992924190665477	0.05938587877933378	0.7026730581092289	0.5337420936788484
1.0660868	0.09499757482855876	0.3994738557320182	0.05879218593277615	0.7022969206652939	0.5332661065897092
1.065087	0.09381552678695193	0.3961997450141446	0.06147479080937453	0.7021260460139311	0.530564972281924
1.0640872	0.09384601956868398	0.3962665391017363	0.06014901026970967	0.7014270181717569	0.5310090432663372
1.0630874	0.09313257984272937	0.3945158034205017	0.06170920943872586	0.7012984657214163	0.5288334973891533
1.0620876	0.09356833497117983	0.3954644247027084	0.05967360175526173	0.7002681117529824	0.5295665959555276
1.0610878	0.09140952541103969	0.3893736471279362	0.06505584927483378	0.7005532282287359	0.5252897892306009
1.060088	0.09175511822131212	0.3902341290018131	0.06362065219173173	0.6996937600824612	0.5254617754583235
1.0590882	0.09139486946277443	0.3895484636907446	0.06355483487912524	0.6992726475363541	0.5245313987251895
1.0580884	0.09001536475284366	0.3858578638502972	0.06678787583557295	0.6994138366885633	0.5213930249867268
1.0570886	0.09089823040085403	0.3885356997647165	0.0632079736108549	0.6982222198538	0.5231111951278338
1.0560888	0.08980873416381763	0.3854816417996983	0.0654340462334175	0.6980752926980469	0.520579977197303
1.055089	0.08734638535960521	0.3779901944761334	0.07297039654746564	0.698670823191565	0.5146560437953338
1.0540892	0.08795170217435633	0.3787865078290961	0.07136155037992205	0.6972252297440348	0.5149275908985235
1.0530894	0.08719205353643848	0.3774340006284612	0.07144898494092052	0.6971216724739328	0.5140933317924605
1.0520896	0.08782886062179361	0.3794058349812274	0.06842231366102856	0.6958741389214681	0.5155333788977284
1.0510898	0.0869330784021035	0.3763759997598415	0.07115551296132568	0.6956565755404543	0.5125700653887272
1.05009	0.08605873893211949	0.3738815469367933	0.07322646787026803	0.6956938838638146	0.5099796156967928
1.0490902	0.0861246127414472	0.3751291272208883	0.07082854377019399	0.6949334594614149	0.5109089092818331
1.0480904	0.08427786941277607	0.3687949150552148	0.07619941879476561	0.6949223814033921	0.506683808349537
1.0470906	0.08419658813363951	0.3681971331211072	0.07616310640418245	0.6939529408081161	0.5057086948181565
1.0460908	0.08396139980445834	0.3679043173472734	0.07580311831725862	0.6934762195430757	0.5047983472066018
1.045091	0.08282304268229845	0.3643530569383449	0.07888655803131245	0.693192541693025	0.50193489500679
1.0440912	0.08295611853557799	0.364440421418364	0.07774123453010677	0.6922708645454126	0.5019098077998821
1.0430914	0.08171992623147993	0.3607258445620705	0.08079668426076024	0.6923204603042338	0.4988587768582216
1.0420916	0.0813928058391582	0.3601821635387916	0.08152879018033636	0.6922655310184811	0.4971782643551642
1.0410918	0.07995562268720298	0.35579568815692	0.08465655663073647	0.6920979295402994	0.4937845808497816
1.040092	0.07978419433063666	0.3548720885959053	0.08469658806897892	0.691067027228647	0.4929695465447054
1.0390922	0.07912405898907451	0.3527899982095717	0.08722198312840063	0.690847238489566	0.4900066238821078
1.0380924	0.07872957074856252	0.3518713973086587	0.08626073737556277	0.6899674660646092	0.4902749314478732
1.0370926	0.07886742975698248	0.3518697006813872	0.08490971045027289	0.6884083760533396	0.490547659985435
1.0360928	0.07757779501945831	0.3479785333483297	0.0887247061602761	0.6888518764741777	0.4866441595408574
1.035093	0.07809092934078785	0.3496391453907737	0.0848795418010006	0.6866866378992589	0.488600811073891
1.0340932	0.07621072497714274	0.3438306793835219	0.0913137664624354	0.6878754812486612	0.4827636116119845
1.0330934	0.07658196723037292	0.3451027114009679	0.08896665559289046	0.6868888087985443	0.4835824694604968
1.0320936	0.07632022116471922	0.3442822923773769	0.08855702938779472	0.6859952189018153	0.482814233414045
1.0310938	0.07513388576362448	0.3396982702735359	0.09279893184219153	0.6849628228597238	0.4791467668217353
1.030094	0.07438494603625817	0.3376122801634772	0.09453050644902673	0.6850712142023445	0.476219810796966
1.0290942	0.07448513448217019	0.3386966349097318	0.0909965769088727	0.6838689086121911	0.4777401854112637
1.0280944	0.07382263610221258	0.3360762245006991	0.09413228991055747	0.6832754629295386	0.4749558234995426
1.0270946	0.07296824562500422	0.3335875354788017	0.09659694970779607	0.6831578512594835	0.4717642644215236
1.0260948	0.07263349697984296	0.3321449252412042	0.09745978239370055	0.682994171339069	0.4697530153365234
1.025095	0.07179744370106454	0.3293697367690925	0.09805132232957112	0.6814109812145597	0.4687297063690732
1.0240952	0.07131167531110112	0.3277966490513162	0.09873080866896022	0.6804808370626906	0.4675428818273223
1.0230954	0.06975766392747641	0.3230894534683786	0.1041423638602899	0.6815259235340119	0.4617199134530254
1.0220956	0.07071989110128893	0.3260544380270833	0.09958392645321423	0.6792442524121594	0.4647472608540789
1.0210958	0.07009695285641716	0.3237967523013773	0.09988966213681619	0.6778015527329063	0.4638728293128276
1.020096	0.06915422736527446	0.3217323866872732	0.1014222376641625	0.6786573124002404	0.4610133993996025
1.0190962	0.06823206886137993	0.3174502982491966	0.1059568372739069	0.6779474427946328	0.4572603745916681
1.0180964	0.06758091799860491	0.3152633060384141	0.1084155554925357	0.6768509107040862	0.4547308626336787
1.0170966	0.06766685610459118	0.3155463718529282	0.1053722240313975	0.6753634573519512	0.4556208886174101
1.0160968	0.0672976262028378	0.3141382128013367	0.1074229889920925	0.675563268793828	0.4526911479005079
1.015097	0.06624701963567295	0.3108701212370418	0.1089113971477955	0.673828631767022	0.4510235360894739
1.0140972	0.06697681657748994	0.3135569061261951	0.1039391692121376	0.6718763313511621	0.4532076590488069
1.0130974	0.06558475016553701	0.3084554510433675	0.1108349961592534	0.6723595388096471	0.4473503386056658
1.0120976	0.06434353858710889	0.3045360144970511	0.1135666064193882	0.6725693864829131	0.4439586443702119
1.0110978	0.0641102240091129	0.3033779635916967	0.1135624863794452	0.6706408890177146	0.4420999609340268
1.010098	0.06357007176603038	0.3020423696480487	0.1136546579200756	0.6704450748894708	0.4412436886020037
1.0090982	0.06333023810386004	0.3007867938201606	0.1144539079524556	0.6684431615705471	0.4396184512396043
1.0080984	0.06257772994998007	0.2987540880164946	0.1160598964465638	0.6683182198675209	0.4371938981065619
1.0070986	0.06161793559606883	0.2955062310147548	0.1197489819363291	0.669139463202216	0.4333037592031634
1.0060988	0.06124344010533046	0.2942781618243401	0.1196219034925485	0.6676235639989929	0.4322332848336257
1.005099	0.06017036439328154	0.2905012467647819	0.1251971874806829	0.668377053607897	0.4270877565087016
1.0040992	0.05972814722707127	0.2891137086549673	0.124796684982449	0.6661625971861898	0.426317034429449
1.0030994	0.05883698653161289	0.2862407160623764	0.1254955633718898	0.6657440354345666	0.4239051461545045
1.0020996	0.05903850492006079	0.2868796962600119	0.1262164470136765	0.6649705950722323	0.4227287432071559
1.0010998	0.05859247166650641	0.285276388726082	0.1239491242204782	0.6618178321055951	0.4230123407350764
1.0001	0.05783027741602569	0.2825565447850381	0.1265904887417872	0.6616148961808513	0.4199409050098405
