1.5	0.3116386636185269	0.6264547444073992	0.009267595918148344	0.7343199123842754	0.6880659018419629
1.4990002	0.311224001092558	0.626182060939433	0.009288553364408644	0.7342617123578601	0.6879034379098844
1.4980004	0.3108084340651295	0.6259083564268439	0.009309537513707567	0.734203410547809	0.6877407715200486
1.4970006	0.3103929201511588	0.6256343236065849	0.009330696326655208	0.7341450083722347	0.6875779615786479
1.4960008	0.3099763384140994	0.6253614093144585	0.009351257986083768	0.7340860546753859	0.6874146378419072
1.495001	0.3095598020890274	0.6250869024441363	0.009372671879328347	0.7340273534833825	0.6872515506993131
1.4940012	0.3091442286623216	0.6248117237156129	0.00939377592030481	0.733968155580185	0.6870852410810773
1.4930014	0.3087219181554013	0.6245349597725005	0.009415505339016359	0.7339094580615689	0.6869224734778865
1.4920016	0.3083016425736944	0.6242587506533838	0.009437723894905169	0.7338502487931582	0.6867554406318958
1.4910018	0.3078864826126801	0.6239824321966458	0.009458122947708153	0.7337904056867955	0.6865893676764323
1.490002	0.3074708334675576	0.6237064092280633	0.009477848473706058	0.7337302499428361	0.6864244603878183
1.4890022	0.3070427159547058	0.6234268220637189	0.009502077469484203	0.7336712467126488	0.6862556542766107
1.4880024	0.3066310198703232	0.6231513086104282	0.009520709016163597	0.7336101937588438	0.6860894846348861
1.4870026	0.3062042701955706	0.6228720689099083	0.009544078283400891	0.733550570932329	0.68592127952321
1.4860028	0.3057849026374557	0.6225943103209675	0.009564527620371197	0.7334898232706736	0.6857541370224733
1.485003	0.3053596655273579	0.6223138014765313	0.009588439998385262	0.73342970916743	0.6855817768410403
1.4840032	0.3049406374993769	0.6220334354585803	0.009608227652102752	0.733368720823954	0.6854153774558032
1.4830034	0.3045139739127945	0.6217521238624176	0.009631893209972804	0.7333083478305176	0.6852444551751291
1.4820036	0.3040906543603153	0.6214720628124181	0.009652360639647325	0.7332468049885693	0.6850743695683668
1.4810038	0.3036639972456582	0.6211901832375826	0.0096760690694746	0.7331859378950046	0.6849015835774264
1.480004	0.3032431612266311	0.6209080190370833	0.009696602755664439	0.7331240513366595	0.6847296892423983
1.4790042	0.3028194638668857	0.6206259911572894	0.009718330676501068	0.7330622341247895	0.6845568995607736
1.4780044	0.3023927911462101	0.620341189816437	0.009740933804813346	0.7330008242016713	0.6843850145166992
1.4770046	0.3019628842991701	0.6200585136510575	0.009763067808954284	0.7329388711606932	0.6842132027923284
1.4760048	0.3015382354239832	0.6197753425963264	0.009786344417031755	0.7328765594705252	0.6840356318623194
1.475005	0.3011109572564845	0.6194883381835278	0.009807716014255787	0.7328144790174448	0.683864419754136
1.4740052	0.3006812769402206	0.6192040292678884	0.009830612574110534	0.7327520570000355	0.6836898783333976
1.4730054	0.300253832067834	0.6189167604384086	0.009853327998552094	0.7326893802706643	0.6835121149385648
1.4720056	0.299823041006842	0.6186310397631567	0.009876173187037558	0.7326265821397948	0.683336388435055
1.4710058	0.2993940353299406	0.6183457217017537	0.009898910199212038	0.7325635417786663	0.6831617261769285
1.470006	0.2989605962621217	0.618057696507274	0.00992212715457918	0.7325003426780715	0.6829822442088488
1.4690062	0.298534952716667	0.6177720830197515	0.009943380975758469	0.7324363321505281	0.6828053011421085
1.4680064	0.2980989954758105	0.6174806934142888	0.009968570634850491	0.7323736467629834	0.6826263476269511
1.4670066	0.2976750687991279	0.6171922724123199	0.009988611398448879	0.7323089512041905	0.6824470032853447
1.4660068	0.2972398550736302	0.616903124791957	0.01001237038706034	0.7322452990068399	0.6822691237702728
1.465007	0.2968038570931733	0.6166134552135417	0.01003603293384202	0.7321811994177526	0.6820881328731535
1.4640072	0.296372427569513	0.6163258605289941	0.0100590902372956	0.7321163955511939	0.6819059547454337
1.4630074	0.2959346859492468	0.6160324601112941	0.01008239128491069	0.7320524396055627	0.6817283507744164
1.4620076	0.2954981493452414	0.6157400138422372	0.01010678023177701	0.7319879312508412	0.6815445328807415
1.4610078	0.2950697709557256	0.6154484016431678	0.01012940084640096	0.7319225438559807	0.6813599200854941
1.460008	0.2946253965384196	0.6151549672404265	0.01015353986745179	0.7318580437138292	0.6811805254603849
1.4590082	0.2941928070056396	0.6148643740920405	0.01017625577336545	0.7317921056443485	0.6809953201480298
1.4580084	0.2937629217661002	0.6145701107280037	0.01019911409818725	0.7317261290275747	0.6808075954021451
1.4570086	0.2933196063639865	0.6142727097288899	0.01022318967621617	0.7316613914556843	0.680628626893667
1.4560088	0.2928836180094023	0.6139797838895706	0.01024593105606754	0.7315951233859253	0.680444423235366
1.455009	0.2924423907293672	0.6136845695355612	0.01027163109103857	0.731529287469157	0.6802551784057022
1.4540092	0.2920066246149817	0.613391145442326	0.01029382757734227	0.7314623004324154	0.6800688319204434
1.4530094	0.2915656610403146	0.6130928279304526	0.01031914121790376	0.7313962976472281	0.67988062663334
1.4520096	0.2911205594605669	0.6127937416557867	0.01034386062635502	0.7313301947241643	0.6796946271173507
1.4510098	0.290681848762922	0.61249912539764	0.01036692606426544	0.7312626403660456	0.6795051815936933
1.45001	0.2902432916839743	0.612201005928196	0.01039012596742404	0.7311954300893392	0.6793178046517994
1.4490102	0.289796982152646	0.611899194695933	0.01041584281896191	0.7311288011994928	0.6791270882476973
1.4480104	0.2893571851393074	0.6116004450670413	0.0104387352351218	0.7310611218816774	0.678939716331098
1.4470106	0.288917052738792	0.6113017030872949	0.01046323155483476	0.7309931644411943	0.6787467724662886
1.4460108	0.2884711878232184	0.6109999694173451	0.01048776352954131	0.7309254403420621	0.678555134137749
1.445011	0.288030555144606	0.6107023955135322	0.01051164024070894	0.7308568078115619	0.6783629170939122
1.4440112	0.2875862370170724	0.6103986787147483	0.0105357274626512	0.7307888144522069	0.678172860538404
1.4430114	0.2871327591506894	0.6100952649172909	0.01056229021371594	0.7307209385140752	0.6779787937566153
1.4420116	0.2866927325094725	0.6097948915935667	0.01058625158813651	0.7306515128087719	0.6777816026595525
1.4410118	0.2862430808640623	0.6094911965417555	0.01061194270851653	0.7305829886767199	0.6775882883660609
1.440012	0.2857966535155163	0.6091854311883366	0.01063718936004389	0.7305141248649661	0.6773925769989539
1.4390122	0.2853544695099428	0.6088827110430434	0.01066007159691001	0.7304441915769576	0.6771986475095638
1.4380124	0.2849062905730182	0.6085771618401546	0.0106848677191911	0.7303746213027181	0.677001824195273
1.4370126	0.2844493992856625	0.6082711726023056	0.0107129645484011	0.7303056445051559	0.6768033454550159
1.4360128	0.2840031784985992	0.6079651546148124	0.01073768506213379	0.7302354922229656	0.6766050913070456
1.435013	0.2835519049220635	0.607657669979032	0.01076216183391249	0.7301653926566664	0.6764091137252355
1.4340132	0.2830986479030825	0.6073491142548132	0.01078833273662814	0.7300954085633726	0.6762107237421059
1.4330134	0.2826483705373306	0.6070417445450841	0.01081364910240423	0.7300247364733937	0.6760110685607608
1.4320136	0.2821962001320839	0.6067328721678298	0.01083840624219886	0.7299539157308278	0.6758125723872422
1.4310138	0.2817566436674444	0.6064267089527771	0.01086138839635256	0.729881438383825	0.6756065216392717
1.430014	0.2812916014830104	0.6061147761258112	0.01088991783737669	0.7298113904758474	0.675406641607597
1.4290142	0.2808419228983328	0.6058061379709756	0.01091573501479426	0.7297395425408457	0.6752014943236093
1.4280144	0.2803864978261448	0.6054928306682262	0.01093979321537453	0.729668082605593	0.6750038489397263
1.4270146	0.2799327716164058	0.6051801598166955	0.01096754718482152	0.7295964603342906	0.6747961755296702
1.4260148	0.279480290098381	0.6048712912127792	0.01099255148547034	0.7295238871593348	0.6745935363802392
1.425015	0.2790241705905889	0.6045559924501458	0.0110170585114917	0.7294515277685851	0.6743901063130526
1.4240152	0.2785697977101494	0.6042444818516021	0.01104324888318114	0.7293787407589561	0.6741837986399262
1.4230154	0.2781121481711336	0.6039310448768007	0.01107075323361124	0.7293059268207003	0.6739733794417235
1.4220156	0.2776491329847691	0.6036155048136594	0.01109732820300332	0.7292335049472727	0.6737712358164804
1.4210158	0.2771959893725208	0.603301641854513	0.01112251040179681	0.7291596285575135	0.6735610334852733
1.420016	0.2767335264776435	0.6029815565910777	0.01115043041687395	0.7290868673599112	0.673351027748072
1.4190162	0.2762685999983741	0.6026661661205536	0.0111778530777775	0.7290135489387642	0.6731446107052098
1.4180164	0.2758073332046864	0.6023475946416924	0.01120483143321027	0.7289398872308742	0.6729346202496201
1.4170166	0.2753570315480368	0.6020318557215949	0.01123021289131216	0.7288649954230031	0.6727220226030952
1.4160168	0.2748965324048038	0.6017123957690429	0.01125577042715969	0.7287905874538232	0.6725130278794175
1.415017	0.2744366955766576	0.6013946125417712	0.01128316809023102	0.7287156731434263	0.6722967990029579
1.4140172	0.2739672921112202	0.6010731458909062	0.01131161017838461	0.7286415741475337	0.6720857922335242
1.4130174	0.2735062548238565	0.6007585361129483	0.01133835639020308	0.7285657508054915	0.6718705393109875
1.4120176	0.2730407430937405	0.6004311500801973	0.01136474776910533	0.7284911215503591	0.6716591431598152
1.4110178	0.2725749159621363	0.6001087904723453	0.01139292914128991	0.7284158322085724	0.6714431167649045
1.410018	0.2721153002782514	0.5997872961084642	0.01141969392383858	0.7283398026281032	0.6712270608681618
1.4090182	0.2716480453707432	0.5994661341718055	0.01144619219504935	0.7282635097173874	0.6710118136383594
1.4080184	0.2711798030754153	0.5991418229430852	0.01147517380224013	0.7281877215599613	0.6707943628306932
1.4070186	0.2707233923245555	0.5988170800705656	0.01150010465061004	0.7281103741068601	0.6705738684241136
1.4060188	0.2702482872796088	0.5984926561723786	0.01152919448689314	0.7280344321657585	0.6703605552900713
1.405019	0.2697764891998616	0.5981657227451453	0.01155752393194623	0.7279576914141508	0.6701397913659612
1.4040192	0.2693116877647258	0.5978415849982047	0.01158453911623328	0.7278798560519196	0.6699167884466496
1.4030194	0.2688347384541375	0.5975119504354456	0.01161440521375062	0.7278033887562817	0.6696979089445221
1.4020196	0.2683695068886495	0.5971854253660736	0.01164162344928188	0.7277251899392191	0.6694737284679145
1.4010198	0.2679046332189225	0.59685693233268	0.01166766923127489	0.7276469258279958	0.6692537873560462
1.40002	0.2674311821397318	0.5965248174012954	0.0116976944301413	0.7275694099983223	0.6690286359905145
1.3990202	0.2669672986635174	0.596200806802863	0.01172389597881132	0.7274898229664414	0.6688035921456881
1.3980204	0.2664874016009751	0.5958642485540113	0.01175447036484344	0.7274123140198735	0.6685782911831804
1.3970206	0.2660152424959575	0.5955385309076204	0.01178219560668204	0.7273329083210467	0.6683552949032081
1.3960208	0.265545290755786	0.595205029909433	0.01181039794829493	0.727253729449545	0.6681277078404032
1.395021	0.2650685160379597	0.5948732584203493	0.01183881633734323	0.7271741900116458	0.6678999335582794
1.3940212	0.264586064453053	0.5945393074280986	0.01186953349122732	0.7270954283734078	0.6676758949564968
1.3930214	0.2641130136907061	0.5942034153541033	0.01189840477385567	0.7270156491500313	0.667446168381737
1.3920216	0.2636457243271684	0.5938718282143131	0.01192557484240226	0.7269343872018091	0.6672119217030014
1.3910218	0.2631665982088966	0.5935384350803272	0.01195546253085846	0.7268540076339319	0.6669811747097413
1.390022	0.2626915030305017	0.5932014148383171	0.01198341237673003	0.7267733545425804	0.6667529365546491
1.3890222	0.2621980318331087	0.5928593312212175	0.01201514733103134	0.7266939299712806	0.6665247167782891
1.3880224	0.2617249258762088	0.5925232196977015	0.0120440450480499	0.7266124703643192	0.666291693089838
1.3870226	0.2612438377473293	0.5921863686407933	0.01207371977619914	0.7265308201698798	0.6660555593484517
1.3860228	0.2607716300318355	0.5918480498484249	0.01210151433386727	0.7264487216499439	0.6658227264118649
1.385023	0.2603003548053784	0.5915090883040672	0.01212928092523156	0.7263661169765118	0.665586562120017
1.3840232	0.2598051176949564	0.5911671351261374	0.01216214378159972	0.7262850173618464	0.6653518052939681
1.3830234	0.2593178051934974	0.5908272693405276	0.01219278475208552	0.7262025746029469	0.6651134511725985
1.3820236	0.2588431463337785	0.5904847068008237	0.01222055097674148	0.726119400846767	0.6648766475462812
1.3810238	0.2583664973481162	0.5901412527312109	0.01225019005958495	0.7260360218487203	0.6646333432064604
1.380024	0.2578776870948288	0.589799106097299	0.0122813284832191	0.725953116071645	0.6643964573772198
1.3790242	0.2574003648086269	0.5894565870108461	0.01230873832522236	0.7258688135649298	0.6641576572497644
1.3780244	0.2569192430284304	0.5891120566692947	0.0123382905718812	0.7257848212065946	0.6639170962340987
1.3770246	0.256427205639082	0.588765816752694	0.01237012657734791	0.7257011430965402	0.6636742425064678
1.3760248	0.2559417733736477	0.5884211178507024	0.01240075539787436	0.7256166399545905	0.6634310155877881
1.375025	0.2554512630045593	0.5880736055884925	0.01243189726283056	0.7255324717312475	0.6631910000458769
1.3740252	0.2549650557863739	0.5877238337995151	0.0124636306224246	0.7254475865853786	0.662940454196455
1.3730254	0.2544624918236362	0.587374715507505	0.01249590636851529	0.7253632461153917	0.6626995056337439
1.3720256	0.2539901715982678	0.5870269255596073	0.01252444950199654	0.7252769242368375	0.6624525188569866
1.3710258	0.2534925620818143	0.5866748513208432	0.01255697172992439	0.7251916202479479	0.6622027886893678
1.370026	0.2530056587166907	0.5863228599753633	0.01258654373032144	0.7251055329953859	0.6619575749130083
1.3690262	0.2525082949052849	0.5859755958581663	0.0126187434753145	0.7250192604058914	0.6617103019122311
1.3680264	0.2520184354489098	0.5856211597557072	0.01265136763989919	0.7249328523596588	0.6614557222673221
1.3670266	0.251538925124918	0.585268556013375	0.012679613492426	0.7248451108997938	0.6612051070041952
1.3660268	0.2510397067173954	0.5849179805385681	0.01271282466116309	0.7247580348019659	0.6609519092247278
1.365027	0.2505496797163387	0.5845610798742764	0.01274424704587603	0.7246708669423397	0.6607017325200605
1.3640272	0.250048309167803	0.5842072300318345	0.01277477574794075	0.7245828952849458	0.6604494426299728
1.3630274	0.2495531511548438	0.5838474432994536	0.01280815554053984	0.7244953923826777	0.6601924956848206
1.3620276	0.2490541376729866	0.5834873075911091	0.01283992930651544	0.7244076300195531	0.659941260485149
1.3610278	0.2485748094625531	0.5831352278621722	0.01286924790083422	0.7243175696587031	0.6596816659082684
1.360028	0.2480776827266253	0.5827722595211935	0.0129004605327907	0.7242289016835697	0.6594252137491511
1.3590282	0.2475706980333379	0.5824142002524831	0.01293439098771724	0.7241403876422421	0.6591718662809908
1.3580284	0.2470568917943126	0.5820545230692817	0.01297085013933204	0.7240517277867846	0.6589094091746037
1.3570286	0.2465703282403598	0.5816930570534901	0.01300179991515656	0.7239612783658605	0.6586453901549608
1.3560288	0.2460750826267834	0.5813339063114157	0.01303298930277617	0.7238707042300463	0.6583853258225744
1.355029	0.2455830308371211	0.5809689825202368	0.01306285839849007	0.7237801325377599	0.6581282055927634
1.3540292	0.2450691061219442	0.5806034687124934	0.01309910880646729	0.7236905223160015	0.6578648200775199
1.3530294	0.2445699820707525	0.5802403540311148	0.01313220443109384	0.7235990846428614	0.6575950909631197
1.3520296	0.2440572846449241	0.5798718840888735	0.01316608630354579	0.7235086635916265	0.6573343882055099
1.3510298	0.2435693275948939	0.5795152406200483	0.01319639278866096	0.7234154081963624	0.6570668389101431
1.35003	0.2430624292012685	0.5791457713484588	0.01323011359566085	0.7233240775206633	0.6568029955520402
1.3490302	0.2425576636233799	0.5787747722758432	0.01326362677809612	0.7232322460408372	0.6565355246249369
1.3480304	0.242042314671951	0.5784051712384537	0.01330038222713646	0.7231404069091379	0.656262765485951
1.3470306	0.2415544093030713	0.5780353836435306	0.01333066219524977	0.7230465083077269	0.6559893558668672
1.3460308	0.2410427402820515	0.5776644193747917	0.01336411664538595	0.7229537853790433	0.6557239055858157
1.345031	0.2405448749286475	0.5773023587684267	0.01339682834449418	0.7228592380837011	0.6554515000315284
1.3440312	0.240027994312327	0.5769257427405768	0.01343235808919499	0.7227663646427112	0.6551796004641197
1.3430314	0.239513305738407	0.5765501266475559	0.01346875367996481	0.7226728785981963	0.6549022774641856
1.3420316	0.2390127811702637	0.5761789377314009	0.01350092409321256	0.7225778402006726	0.654628098512349
1.3410318	0.2385176618921217	0.5758050433551692	0.01353311199359954	0.7224822897303033	0.6543491377929093
1.340032	0.2379958639577349	0.5754275477995393	0.01356731356204016	0.722387956398903	0.6540793693368643
1.3390322	0.2374647398456015	0.5750473856619137	0.01360677948051802	0.7222940248560787	0.6537987987944885
1.3380324	0.2369777113539172	0.5746759782341171	0.01363721722441364	0.722196453740573	0.653515056605353
1.3370326	0.2364490869228268	0.5742962760047374	0.01367676685434003	0.722101752775392	0.6532346417571767
1.3360328	0.2359391550879005	0.5739208981579613	0.01370977482333132	0.7220049322461974	0.6529571366149401
1.335033	0.2354377913349735	0.5735433595685114	0.01374323519303948	0.7219074911534852	0.6526726095321491
1.3340332	0.2349160589599815	0.5731601093555004	0.01377770042465199	0.7218107561527229	0.6523909530081351
1.3330334	0.2343919022469652	0.572770976738207	0.01381399311465846	0.7217146893303014	0.6521124430806582
1.3320336	0.2338848380643677	0.5723967079392682	0.01384981264549494	0.7216160430333328	0.6518214443438206
1.3310338	0.2333573962719704	0.5720058839432067	0.01388469056063574	0.7215189398458054	0.6515396929518655
1.330034	0.2328495751522546	0.5716241662346121	0.01391870391413134	0.721419808150408	0.6512496243100836
1.3290342	0.2323432397586598	0.5712468614081568	0.01395334629137219	0.7213200100113014	0.6509581863464801
1.3280344	0.2318019616992851	0.5708495316534848	0.01399301771384403	0.7212229828801447	0.6506696577553702
1.3270346	0.2312939909373672	0.5704609712893091	0.01402807418905778	0.7211231956768864	0.6503749169698224
1.3260348	0.2307686099221182	0.5700724461599677	0.01406188706240134	0.7210236774205876	0.6500920002902326
1.325035	0.2302660319106275	0.5696888840853017	0.01409825120404295	0.7209226889040852	0.6497930946661578
1.3240352	0.2297343954804378	0.5693039907501838	0.01413584226727215	0.7208224492765686	0.6495014870115171
1.3230354	0.2291916965250277	0.5689013773180506	0.01417487533392144	0.7207234968114545	0.6492084285487212
1.3220356	0.2286840378503434	0.5685145694211744	0.01421016495350492	0.7206212152851622	0.6489054208733422
1.3210358	0.2281670074425382	0.5681221279231395	0.01424495785092739	0.7205193994283248	0.648609827725069
1.320036	0.2276210395455661	0.5677278783552948	0.01428946728609688	0.7204192122132433	0.6483079753314809
1.3190362	0.2271057852691953	0.5673331928112367	0.0143229404921126	0.7203162846005469	0.6480082126107743
1.3180364	0.2265720632813528	0.5669389407921051	0.01436127023275186	0.7202141206533035	0.6477093409314687
1.3170366	0.2260761263568881	0.5665453158174117	0.01439225279280888	0.7201092221631802	0.647402827086233
1.3160368	0.2255391442929199	0.5661446723163629	0.01443093484655815	0.7200067785152047	0.6471025996990171
1.315037	0.2250203268846087	0.5657420350501834	0.01446458317842926	0.7199029739846893	0.6468039411333441
1.3140372	0.2244698096646509	0.5653394021364125	0.01450653834512586	0.719800414389577	0.64649963782222
1.3130374	0.2239444074892133	0.5649403848643429	0.01454628770370609	0.7196958146381941	0.6461837773415521
1.3120376	0.223415577005724	0.5645413151499012	0.01458212230388731	0.7195910141634025	0.6458838502467754
1.3110378	0.2228893325123739	0.5641345763789565	0.01461958139127889	0.7194859079799509	0.6455715201168329
1.310038	0.2223358647892648	0.5637322909162497	0.01466195745125288	0.7193813130645057	0.6452588596076874
1.3090382	0.2218230498580429	0.5633310430596911	0.01469951864171893	0.7192744797750302	0.6449395551763116
1.3080384	0.2212830940817203	0.5629267814560448	0.01473827183921681	0.7191686587350876	0.6446318401534545
1.3070386	0.2207364959336829	0.5625162066050881	0.01477977162892168	0.719063014524534	0.644316740598724
1.3060388	0.2202422375154702	0.562118811442099	0.01481386964517697	0.7189532581328805	0.6439884449897451
1.305039	0.2197072682461675	0.5617099433866541	0.01485114677779558	0.7188460670956826	0.6436789039951225
1.3040392	0.2191489337631702	0.5612868900786997	0.01489352047580684	0.7187403610813886	0.6433636750311582
1.3030394	0.2186040561188348	0.5608803516719836	0.01493417061524823	0.7186322977061693	0.6430429384857931
1.3020396	0.2180699996841246	0.5604686614446507	0.01497264897494659	0.7185236988918224	0.6427241282182767
1.3010398	0.2175490431270503	0.5600565322772846	0.01501343731216628	0.718414208870651	0.6423915355663365
1.30004	0.217008761709455	0.5596411050401509	0.01504929118165271	0.7183050319099828	0.6420796007942161
1.2990402	0.2164764036102166	0.5592263044801598	0.01508870035099821	0.7181947585494225	0.6417470729543222
1.2980404	0.2159244048983552	0.5588071966459169	0.01512754323203536	0.7180855224677897	0.6414329533020938
1.2970406	0.2153884027040057	0.5583907567655666	0.01516738656994107	0.7179748929123375	0.6411050320650864
1.2960408	0.2148427673637254	0.5579775891936688	0.01521064224999195	0.7178640170064302	0.6407714176622556
1.295041	0.2142907237479073	0.557551462520009	0.01525100935001566	0.7177535882608086	0.6404455701004197
1.2940412	0.213759338113366	0.5571287285982689	0.01528830950974894	0.7176415289802566	0.6401177486175309
1.2930414	0.2132122118906056	0.556709649440754	0.01533396881561717	0.7175298116663351	0.6397771786650001
1.2920416	0.2126844860812291	0.556294173142207	0.01537134786353724	0.7174160479530217	0.6394436389597334
1.2910418	0.2121367151637133	0.5558614626887352	0.01541148700462226	0.7173035167200962	0.639105943388482
1.290042	0.2115963232742727	0.5554379452425154	0.01545181720192824	0.7171900833442266	0.638772389143597
1.2890422	0.2110112297872124	0.5550071718230213	0.0155011435803532	0.7170784463110901	0.6384313334124019
1.2880424	0.2104932371569242	0.5545867087406925	0.01553598789491853	0.7169625056102457	0.6380944803136587
1.2870426	0.2099144736402446	0.5541502894468721	0.01558202324492894	0.7168498748762588	0.637757887775002
1.2860428	0.2093733669775114	0.5537241442727044	0.01562586692829102	0.7167343505622275	0.6374045950254548
1.285043	0.2088358981138931	0.5532885043873509	0.01566425192900691	0.7166186926356902	0.6370641603830433
1.2840432	0.2082917600303225	0.552871250792126	0.01570610559989297	0.7165019089717137	0.6367204757436716
1.2830434	0.2077258172602325	0.5524224499588174	0.01574910295450283	0.7163870705772225	0.6363753367407416
1.2820436	0.2072197913190383	0.5520065830623347	0.01578513101234347	0.7162672119396115	0.6360207300711612
1.2810438	0.2066428906052198	0.5515700275917357	0.01583245504649013	0.7161514621177174	0.6356739485242412
1.280044	0.2060596350474643	0.5511201984336794	0.01588357218355515	0.7160364097702415	0.635319986723701
1.2790442	0.2055399672240714	0.5506851899282037	0.01592103868011347	0.7159166206401903	0.6349631268720436
1.2780444	0.2049606086551073	0.5502387008013397	0.01596277522012455	0.7157997556228953	0.634627347280146
1.2770446	0.2043710690383722	0.5497965968055809	0.0160134322832662	0.7156826137996817	0.6342696525822791
1.2760448	0.2038820189018786	0.5493617785263181	0.01604773034101813	0.7155597050786207	0.6338986037421503
1.275045	0.2032809819034087	0.5489128680328745	0.0160940740445631	0.7154422043693405	0.6335549197543863
1.2740452	0.2027416457874235	0.5484802635899537	0.01613906928645712	0.7153209491960589	0.6331892516537854
1.2730454	0.2021862657020497	0.5480352275705425	0.01618224247939848	0.7152000681909811	0.6328262635329166
1.2720456	0.2016495721906544	0.5475949148482095	0.01622376014372665	0.7150776212696349	0.6324578419188633
1.2710458	0.2010769520425643	0.5471414795480259	0.01627069056802852	0.7149571233734102	0.632095691128105
1.270046	0.2005268198766674	0.5466859328418201	0.01631318213411442	0.7148350706764015	0.6317308725124681
1.2690462	0.199926848661199	0.5462396325346884	0.01636850672728705	0.7147142272934637	0.6313552354126549
1.2680464	0.1993809621211001	0.5457888535575437	0.01640950473619215	0.714590607781926	0.6309894931086538
1.2670466	0.198810639708097	0.54532838503623	0.01645218554258493	0.7144675889690377	0.6306227718252618
1.2660468	0.198276739433855	0.5448858148409136	0.01649434569634492	0.7143421574159179	0.6302509129949543
1.265047	0.1976742670796885	0.5444191376392689	0.01654540723282502	0.7142201290855498	0.6298812166082562
1.2640472	0.1971358836864946	0.5439614864125845	0.01658833411207692	0.714094044025991	0.6294953839305168
1.2630474	0.1965894724577952	0.5435116239131181	0.01663413564302106	0.7139676476688989	0.6291108394604831
1.2620476	0.1959567746165021	0.5430447237136168	0.01668943019655204	0.7138452574948538	0.6287423004075231
1.2610478	0.1954018107678387	0.5425785380639035	0.01673039167785795	0.7137184339465428	0.6283643439804315
1.260048	0.194883544457605	0.5421350046159772	0.01676952004604193	0.7135885707470513	0.627975915420423
1.2590482	0.1942889232289672	0.5416750564251339	0.01682340160321543	0.7134628731292536	0.6275967413973121
1.2580484	0.1936978592331355	0.5411895915062401	0.01687019189271415	0.7133369086918181	0.6272183005641739
1.2570486	0.193157441736094	0.5407279395558257	0.01691731803228598	0.7132073805983441	0.6268179231986721
1.2560488	0.1925935451289042	0.5402680383579384	0.01696053638940522	0.7130775534968504	0.6264270159861031
1.255049	0.1920340261786224	0.5397974514112793	0.01700631969714953	0.7129482601886644	0.6260419600130209
1.2540492	0.1913965488344812	0.5393166462267169	0.01706317264160769	0.7128217418396323	0.6256554052148099
1.2530494	0.1908356191178533	0.5388481163604433	0.01711394869427667	0.7126913244017298	0.6252559842170758
1.2520496	0.1902812966319979	0.5383823216743658	0.0171545174941924	0.7125591181293714	0.6248649186423969
1.2510498	0.1897350032422906	0.5379095669590761	0.01719759246623104	0.7124264578702607	0.6244628216835507
1.25005	0.1891365524942515	0.537432220631928	0.01725429764696643	0.7122961085375329	0.6240591111692863
1.2490502	0.1885520365069788	0.5369559224947308	0.01730217845026112	0.7121639212708329	0.6236588640970939
1.2480504	0.1879707789431223	0.5364671480699168	0.01734953588160447	0.712032053423497	0.6232685568228744
1.2470506	0.1874413754317128	0.5360003542580213	0.01739038217489388	0.7118960580757424	0.6228611092769154
1.2460508	0.1868312877275457	0.5355020255226505	0.01744461840042456	0.7117640582026877	0.6224504832720863
1.245051	0.1862144257000699	0.5350270117730146	0.01750107431328141	0.7116311282921517	0.6220468279015482
1.2440512	0.1856946499989822	0.5345436750217549	0.01754083969436779	0.7114938548828965	0.6216378654513384
1.2430514	0.1850680465631711	0.5340517615238756	0.01759897043336051	0.7113604757114537	0.6212225570109761
1.2420516	0.1844895011421606	0.5335731706958666	0.01765206104528639	0.7112242680883036	0.6208046171140749
1.2410518	0.183913167270851	0.5330748164831658	0.01770008319839673	0.7110879781387061	0.6203939601899606
1.240052	0.183335086892782	0.5325910665341119	0.01775394828775535	0.7109508663645253	0.619974620767741
1.2390522	0.1827952297998041	0.5320931208751559	0.01779430737200419	0.7108112566052662	0.6195501298662361
1.2380524	0.182147429575029	0.531601454307128	0.01785473877542377	0.7106755044279894	0.6191322825078193
1.2370526	0.1816402693605942	0.5311258890545306	0.01789405855036854	0.710533038037459	0.6187089529787866
1.2360528	0.1810235063955681	0.5306080241736314	0.01794904355852971	0.7103960658221191	0.6182925452091026
1.235053	0.1804092203120004	0.5301066447459144	0.01800502609439078	0.7102572685255847	0.617861763573255
1.2340532	0.1798566254965549	0.5296261780095687	0.01805904655838908	0.7101152314448528	0.6174224963093755
1.2330534	0.1792323135471074	0.5291098793112174	0.01811412013928259	0.7099762740219653	0.6169990478483792
1.2320536	0.1786484996599217	0.528607536078135	0.01816268512151376	0.7098344023585539	0.6165725997399065
1.2310538	0.1780153328598093	0.528109230397997	0.01822571622466332	0.7096938172927606	0.6161295708913221
1.230054	0.1775152841204566	0.5276165903457121	0.01826408752010196	0.7095472536802061	0.615694647688585
1.2290542	0.1769136187470784	0.5270885840099678	0.01831394971937673	0.7094050917708475	0.6152679709898543
1.2280544	0.1763313745205075	0.5265958062638189	0.01837439142079368	0.7092606097926191	0.6148117417576144
1.2270546	0.1757313215405736	0.5260902618151073	0.01843448521868105	0.70911648640782	0.6143592794381907
1.2260548	0.1751379616983721	0.5255702469749387	0.01848452373033941	0.7089715938515014	0.6139218328924836
1.225055	0.174505422037377	0.52503400520583	0.01853880160502911	0.7088280353461962	0.613485300646487
1.2240552	0.1739713981062665	0.5245317444967053	0.01858785285976286	0.7086790125567353	0.6130241809997009
1.2230554	0.1733460684608709	0.5240317629501164	0.01865312259203722	0.7085331231718123	0.6125682749578205
1.2220556	0.1727679008983279	0.5235062948429045	0.01870494895293566	0.7083852513102141	0.6121153238786887
1.2210558	0.1721794183565474	0.5229791177978288	0.01875630017077785	0.7082371828019141	0.6116697876724271
1.220056	0.1715351735324254	0.5224489727059926	0.01882066067079298	0.7080906270869026	0.6112109859490037
1.2190562	0.1709653144974922	0.5219273666874208	0.01886663130672538	0.7079398155678333	0.6107552235385971
1.2180564	0.1703595173286507	0.5213950183196112	0.0189312496521615	0.7077907861496736	0.6102845876800838
1.2170566	0.1696980025546128	0.5208631772322017	0.0189906513269658	0.7076425252386201	0.6098370453572751
1.2160568	0.1691559380726555	0.5203468713616093	0.01904286358134599	0.7074890174711871	0.6093629448960771
1.215057	0.1685687738602067	0.5198060944734939	0.01910254639520776	0.7073369764629341	0.6088799364594227
1.2140572	0.1679934598667834	0.5192857509039353	0.01915597235268865	0.7071831513099175	0.6084080004522117
1.2130574	0.1673789960370066	0.5187454381769866	0.01921992152387762	0.7070310736232791	0.6079334318956393
1.2120576	0.166771632051014	0.5182041474291069	0.01926938776624381	0.7068774016401644	0.6074771889239579
1.2110578	0.1661991869848514	0.517680996477232	0.01932753338240922	0.7067214357623681	0.6069877729619099
1.210058	0.1655774951321441	0.5171197376418567	0.01938319776202088	0.7065675356861385	0.6065183918295191
1.2090582	0.1649732140571484	0.5165926701042352	0.01945022271534233	0.7064116256503316	0.6060211292503338
1.2080584	0.1643339232752601	0.5160379102794043	0.01951090208694107	0.7062568886821671	0.6055485419983355
1.2070586	0.1637547075927304	0.515476341973383	0.01956468983356149	0.7060993372941502	0.6050693729627598
1.2060588	0.1631873616576792	0.5149329461793275	0.01962478128299335	0.7059400126287027	0.6045580198444629
1.205059	0.1625211225653084	0.514386585024861	0.0196912265670405	0.7057835969212147	0.6040761418454258
1.2040592	0.1619652515329616	0.5138556221653647	0.01975192034329796	0.7056224286486192	0.6035689855033531
1.2030594	0.1613114363640393	0.5132783028737123	0.01981001014539872	0.7054646611705191	0.6030929116130679
1.2020596	0.1607682033898848	0.5127373811189584	0.01986605394988934	0.7053015896592435	0.6025826651499325
1.2010598	0.1601009128121592	0.5121723906364111	0.01993250571618011	0.7051426380955215	0.6020924920337678
1.20006	0.15945627062688	0.5115971886956419	0.02000774762635526	0.704982431013022	0.6015678163846323
1.1990602	0.1589428061201993	0.5110532426346001	0.02004797850073737	0.7048161600777042	0.6010860143724895
1.1980604	0.1582084682475853	0.5104705175552925	0.02012637439393696	0.7046574274938434	0.6005805460023794
1.1970606	0.1576348777341656	0.5099130305936774	0.02018490126257471	0.7044918330150656	0.6000618967711013
1.1960608	0.1570118349957103	0.5093473366729245	0.02025415914972204	0.7043273117992722	0.5995329165084414
1.195061	0.156388443474418	0.508768604972933	0.02031063633584154	0.7041624402702675	0.5990395505739735
1.1940612	0.1557764351526718	0.5081976399822608	0.0203896923408409	0.7039965187003323	0.598493198846331
1.1930614	0.1552271230040603	0.5076402424071285	0.02044863968065454	0.7038269346312568	0.5979578664569695
1.1920616	0.1546081408847263	0.5070621851107421	0.0205033670710783	0.7036593064553178	0.5974609086220313
1.1910618	0.1540725787789892	0.5064921441399269	0.02056386049956693	0.703488292150471	0.5969232118985084
1.190062	0.1534198790297063	0.5059144323560103	0.0206368856027811	0.7033204000706397	0.5963932082497391
1.1890622	0.1527668174164263	0.5053259841839145	0.02070310450851129	0.7031518332498756	0.5958729861799748
1.1880624	0.1521588446418708	0.504725451684869	0.02076949303362672	0.702981165307736	0.5953383465677912
1.1870626	0.1514824469117678	0.5041366442657185	0.02085148473374082	0.7028116066508168	0.5947761526376811
1.1860628	0.1508617638652933	0.5035506124093799	0.0209141031854303	0.7026392721053443	0.5942433893203537
1.185063	0.1502704792529969	0.5029440239788495	0.0209728217292343	0.7024655838034228	0.5937124647027346
1.1840632	0.1496760651934911	0.5023620062298643	0.0210373491516132	0.7022909002957786	0.5931790203102859
1.1830634	0.1491190829204982	0.501780920326265	0.02110458555219979	0.7021141554695823	0.5926183600651111
1.1820636	0.148501589541337	0.5011896289175428	0.02117110611726779	0.7019383639366754	0.5920641135253614
1.1810638	0.1478776967802892	0.5005860204408356	0.02126051983753965	0.7017627088743327	0.5914755411233389
1.180064	0.1472359950165873	0.4999782410864158	0.0213208027138168	0.7015862230356316	0.5909424798751625
1.1790642	0.1466441243942078	0.4993865401981203	0.02139275788130017	0.7014074558294845	0.5903783307152384
1.1780644	0.1459644633552978	0.4987444786355271	0.02146444602537726	0.7012310802236057	0.5898266325508732
1.1770646	0.1454166669829906	0.4981858310129717	0.02152869779170855	0.7010483074640252	0.5892522155035452
1.1760648	0.1447195942736927	0.4975051280768107	0.02160703558695142	0.7008714879034865	0.5886940222814669
1.175065	0.1440625288698552	0.4969058236641293	0.0216841531845948	0.7006910942624688	0.5881168204194984
1.1740652	0.1435253033317978	0.4962979836550765	0.02173719674450365	0.7005062871266389	0.5875687588237322
1.1730654	0.1428756628102498	0.4957091504924095	0.02184137637735562	0.7003240812642209	0.5869313022651731
1.1720656	0.1422904096819456	0.4950593620808935	0.02190543611222321	0.7001394218147026	0.5863642132374958
1.1710658	0.1417240554562927	0.4944493160312236	0.02196790377753455	0.6999528474595884	0.585791387375203
1.170066	0.1409344537324834	0.4937974271362348	0.02206601159813435	0.6997727936287998	0.5851967896787786
1.1690662	0.1404178892366197	0.4931938526992862	0.02212866860349982	0.6995826480141514	0.5846021861482179
1.1680664	0.13974702175376	0.4925394222603844	0.02220935014020431	0.6993973184754342	0.5840262129108332
1.1670666	0.1392733744125352	0.4919913217528006	0.02228094871028861	0.6992034000412113	0.5833928648259158
1.1660668	0.1385470392059323	0.4912902012296634	0.02235880110434441	0.6990181282730429	0.582821646218378
1.165067	0.1379889791112467	0.4906273845115751	0.02243093368088004	0.6988264141666197	0.5822106535043226
1.1640672	0.137324543199885	0.4900164301154027	0.02250306561884167	0.6986362855592358	0.581633318722124
1.1630674	0.1364659826213404	0.4893122539935809	0.02261289203380508	0.6984519461951257	0.5810095798304953
1.1620676	0.1360413417055944	0.4887107022397569	0.02267631938043788	0.6982529449077285	0.5803890612061131
1.1610678	0.1354109177377246	0.4880512649747134	0.02276564550301072	0.6980593658924159	0.5797509515535427
1.160068	0.1348389979131017	0.4874283018745816	0.02284155885438186	0.6978627631637768	0.5791253340259467
1.1590682	0.1341706354255328	0.4867172853607716	0.02290659487676714	0.6976688078916646	0.5785566980810569
1.1580684	0.1335383521083177	0.4860832745103483	0.02299250545178572	0.6974721282274738	0.5779128999139174
1.1570686	0.1328464052746153	0.4853942546859444	0.02309181536480342	0.6972767661165296	0.5772728490814771
1.1560688	0.1324030094715375	0.4848142018750478	0.02317595131552254	0.6970722083954601	0.5765897863754129
1.155069	0.1316353190475565	0.4841021220344351	0.02326135598828911	0.6968770524285821	0.5759789465907981
1.1540692	0.1308901866417888	0.4833774497916911	0.02334103033507591	0.6966803891085911	0.5753752789676523
1.1530694	0.1305194801362624	0.482778601897975	0.02341187679702198	0.6964708900954191	0.5747152122859166
1.1520696	0.1298038936628911	0.4820610875169331	0.02352237272376605	0.6962712932457866	0.5740368795140385
1.1510698	0.1291736222103582	0.4814228567870597	0.02361875244460119	0.6960677711859254	0.5733857358018644
1.15007	0.1285040329356984	0.480705656387104	0.02369530165007521	0.6958641683072539	0.5727436672194849
1.1490702	0.1278621260112297	0.4799999689064999	0.02378684876404796	0.69565929438178	0.5721027373450382
1.1480704	0.127274335644238	0.4793192705469447	0.0238848238295345	0.695451381381668	0.5714023909310456
1.1470706	0.1267308264402499	0.4786374848691839	0.02395498445296355	0.6952411402533882	0.5707603270030661
1.1460708	0.1259561128176813	0.4779277792505667	0.02407736029840214	0.6950366793967435	0.5700623133463146
1.145071	0.1253742953565294	0.4772397318350008	0.02415047296298052	0.6948254102560709	0.5694109920528577
1.1440712	0.1247344637375383	0.4765180676288361	0.02425585175982741	0.6946149757481329	0.5687386136345004
1.1430714	0.1241353223799605	0.4758325484892685	0.02432121389997772	0.6944015850243342	0.5680759186321288
1.1420716	0.1235378008001455	0.4751396979276272	0.0244335277560953	0.6941880011907869	0.567384727659165
1.1410718	0.1228967641988226	0.4744291397445535	0.02452107435822961	0.6939738870434078	0.5666968446951027
1.140072	0.122265514647543	0.4737395256688179	0.02463324171356471	0.6937584776992274	0.5659635896050781
1.1390722	0.1215465923599004	0.4729518762374426	0.02472045534440379	0.6935447478335424	0.5652948935608862
1.1380724	0.1210572802357784	0.4722923804615413	0.02482934480819366	0.6933230183458721	0.5645751104223663
1.1370726	0.1202910671193033	0.4714957131555412	0.02493941611174402	0.6931083125452699	0.5638774539777486
1.1360728	0.1198041679523809	0.4708620767540658	0.02504191589380467	0.6928843247283605	0.5631411162618237
1.135073	0.1190729411496177	0.4700747180640039	0.02511590058874091	0.6926657241990825	0.5624677754136879
1.1340732	0.1185603790531014	0.4693388723456673	0.02522360737967344	0.6924404256342593	0.5617467322682209
1.1330734	0.1179692071511	0.4686495570630708	0.02534785019468472	0.6922157281360852	0.5609897981867249
1.1320736	0.1171856281976181	0.467834955546546	0.02544913735498584	0.6919953081613778	0.5602983219988881
1.1310738	0.1165598132691365	0.4670915302570771	0.02557167080525644	0.6917694996173185	0.5595405377637483
1.130074	0.1160505250467569	0.4663967148180817	0.02567088324410908	0.6915388883251584	0.5587844678781323
1.1290742	0.1154875266401001	0.4656455832241125	0.02575623588377845	0.6913086784781197	0.5580757120431825
1.1280744	0.1148524349208826	0.4648860951513107	0.02585424183376572	0.6910790392758535	0.5573436470980285
1.1270746	0.1142321865657757	0.4641482313509915	0.0259939099239353	0.6908481395498823	0.556577333352152
1.1260748	0.1135236525069028	0.4633205739325141	0.02610241773058375	0.6906179958676774	0.5558485633704071
1.125075	0.1129631849889159	0.4625836311078954	0.02621351775295825	0.6903826792531523	0.5550731640395663
1.1240752	0.1123400753067294	0.4618361009553471	0.02631580708587677	0.6901475516436636	0.5543141918443811
1.1230754	0.1118217271660515	0.4610774115846271	0.02644423329196489	0.6899082927774326	0.5535169512706475
1.1220756	0.1112756174811268	0.4603068350815437	0.02654052909436462	0.6896692150197147	0.5527839438299258
1.1210758	0.1105156827838003	0.4594275016488982	0.02667594739293052	0.6894336665735107	0.5520262175366126
1.120076	0.1099135867118621	0.4586611000023507	0.02680538018592178	0.6891927491368618	0.5512119743277165
1.1190762	0.1093847806386015	0.4579348069690752	0.02693411124469056	0.6889489708704269	0.5503931415264197
1.1180764	0.1086583722766532	0.4570360744594987	0.02704316116894192	0.6887088943838244	0.549668786940016
1.1170766	0.1080516710783053	0.4563087158740757	0.02719765045589792	0.6884641464629659	0.5488131939221095
1.1160768	0.1073994473652749	0.4554860023910035	0.02733846402727546	0.6882190071020591	0.5479973265629525
1.115077	0.1068549873583489	0.4546625249018042	0.02744984483607248	0.6879694102144309	0.5472002809757294
1.1140772	0.1063360425254921	0.4538831112800223	0.02754430055924473	0.6877182818605106	0.5464360994635806
1.1130774	0.1056737493726102	0.453031143799149	0.02772091829991672	0.687469119903142	0.545581986587907
1.1120776	0.1050913734370629	0.4522674651951221	0.02783454553299057	0.6872162629175642	0.5447694254288877
1.1110778	0.1044850945254841	0.4514302917311942	0.02796098399412008	0.6869630284592596	0.5439484876146299
1.110078	0.1039764494293545	0.4505927842234045	0.02807331694868248	0.6867046131598037	0.5431251210862434
1.1090782	0.1032415938209537	0.4497449609330511	0.02825568142917018	0.6864524124968403	0.5422674664301844
1.1080784	0.1025584781243856	0.4488914792213847	0.02842807256513434	0.6861961450011625	0.5414327256627186
1.1070786	0.1018600621353848	0.4479915838537932	0.02855116393143664	0.6859389609657836	0.5405907267929874
1.1060788	0.1014718783129102	0.4472432973778522	0.02867060423407573	0.6856719790931125	0.5397367535102029
1.105079	0.1008207471321111	0.4463501998233604	0.02886604535948554	0.6854116151913159	0.5388620864100951
1.1040792	0.100311308954061	0.4455224118761071	0.02898659106975304	0.6851426052957968	0.5379848068820392
1.1030794	0.0995633385441745	0.4445907186756937	0.02917695436451451	0.6848808505507651	0.5370956354931636
1.1020796	0.09893223850638913	0.4437057196570627	0.02932446016953221	0.6846142231467777	0.5362517564504469
1.1010798	0.09852985081222779	0.4429089502946566	0.02948032381816231	0.6843401389130136	0.5353516191290311
1.10008	0.09790114144902312	0.4420161294594803	0.02960220803848548	0.6840698547330251	0.5345003879585017
1.0990802	0.09719335324978746	0.441064085448079	0.02977730760854042	0.6837994710724853	0.5336110116141412
1.0980804	0.09677468321121145	0.4402086217500003	0.02991057403864569	0.6835205970969381	0.5327530322274669
1.0970806	0.09618484470765555	0.4393132655336504	0.0301049785276656	0.6832439880670896	0.5318179291724126
1.0960808	0.09561979506718142	0.4384595352978036	0.03028881597671059	0.6829651006322596	0.5308790024341299
1.095081	0.09508748663563892	0.4375655061985544	0.03048523261859841	0.6826846159273147	0.5299261156319512
1.0940812	0.09440619294157736	0.4366084212768866	0.03065254001257086	0.6824032037954588	0.529016847043725
1.0930814	0.09400674740687817	0.4357158395120568	0.03083551102112565	0.682114866008207	0.5280819282061711
1.0920816	0.09341551899161445	0.4347192585780309	0.03096893267284011	0.6818286586503449	0.5272436309092418
1.0910818	0.09278260587673454	0.4338503363524724	0.0312248745799005	0.681544280983149	0.526173188097903
1.090082	0.09232222251829089	0.4329836011270252	0.03134034657933443	0.681249382589901	0.5252826497396355
1.0890822	0.09150348518465513	0.4319141423197509	0.03157276901639269	0.6809647221350271	0.5243185113269286
1.0880824	0.09097728315170298	0.4309376284008929	0.03176244698234979	0.6806698901373268	0.5233882752295748
1.0870826	0.09054068112812526	0.4300255564102051	0.03196940572941503	0.6803723348663031	0.5224083787999066
1.0860828	0.0899978314620416	0.4291109476219616	0.03218506073283727	0.680072318754767	0.5213982233482539
1.085083	0.08948355312648208	0.4280863380849251	0.03240395114763746	0.6797714614773086	0.5204243914275685
1.0840832	0.08879886102771568	0.4271424382683173	0.03263571935850215	0.6794717528256041	0.5193664354223436
1.0830834	0.08826567703878774	0.4261290573838171	0.0328284723381593	0.6791685239509696	0.5184251461347508
1.0820836	0.08781376338441702	0.4251876017096876	0.0330637999191138	0.6788560678401138	0.5174169824254071
1.0810838	0.08702555196887758	0.4240293706798632	0.03331003255098804	0.6785551973861149	0.5164079055905103
1.080084	0.08683584514611456	0.42317660226715	0.03343503024934356	0.6782325303515581	0.5154468978756453
1.0790842	0.08611134809210227	0.4221248171215146	0.0337918713388123	0.6779248788547327	0.5143331493936029
1.0780844	0.08569205898491854	0.4210734966958853	0.03402703643099573	0.6776057090736083	0.513296739964378
1.0770846	0.08521850993539687	0.4201440799562688	0.03417366217227154	0.6772846065159834	0.5123246308792301
1.0760848	0.08455282903601584	0.4189803700787815	0.03456179013775481	0.6769673035717322	0.5111687094726681
1.075085	0.0838302625018249	0.4176249420650737	0.03493559451702812	0.6766493621400709	0.5101397775474162
1.0740852	0.08349771479367918	0.4168801495900885	0.0350911270908888	0.6763138382972415	0.5090437732977298
1.0730854	0.0827983580471169	0.4155726278099734	0.03553338173671716	0.6759911193926192	0.5079251463976935
1.0720856	0.08226568837935821	0.4144290435430301	0.03577491749587336	0.6756555953563885	0.5068330525146212
1.0710858	0.08143147294800784	0.4128461697829889	0.0363955269327509	0.6753257881557183	0.5056015287562982
1.070086	0.08084982029490616	0.4117537565068566	0.03676445681468025	0.6749870070693409	0.5044248016786059
1.0690862	0.08038340139730492	0.4108014246543227	0.03681635585940753	0.6746444051239838	0.503435687345882
1.0680864	0.07977051559535707	0.4091966146891319	0.03755552635122294	0.6742989089261543	0.5021120684897322
1.0670866	0.0793863657588719	0.4084028521457881	0.03765709907643011	0.6739501383052465	0.5010395433580475
1.0660868	0.07882554894302408	0.4069998313442396	0.03815528832446204	0.6735966852334796	0.4998060674280814
1.065087	0.07796811736315992	0.4055212286512943	0.03874038724210449	0.6732499916413903	0.4985053394968865
1.0640872	0.07730785334579371	0.4041799133469824	0.03926927669215656	0.6728999907996845	0.4971367728050582
1.0630874	0.07691403934993306	0.4027850465235003	0.0396578846517995	0.6725331824593793	0.4959893991470076
1.0620876	0.07626679776607015	0.4015011052616806	0.04010278826931241	0.6721648942823365	0.4947534941710772
1.0610878	0.07544602500332599	0.3999166815314315	0.04054911649363911	0.6717741167857779	0.4935721583356278
1.060088	0.07506922326322313	0.3987677433663521	0.04110806558348679	0.6714196786496143	0.4920929922420192
1.0590882	0.07424217753274323	0.396897214818489	0.04194194785509916	0.6710328630655338	0.4906928253896204
1.0580884	0.07375688863197245	0.3954074830553975	0.04251416735539547	0.6706663869395127	0.4893424967033188
1.0570886	0.07302699857125623	0.3938245967427878	0.04313210188117739	0.6702614729244853	0.4879587796024099
1.0560888	0.07225404544218039	0.3919035695136547	0.04383533027327832	0.6699080134974053	0.4864774340677234
1.055089	0.07174725831277534	0.3906123818275212	0.04441618716846849	0.6694702738079109	0.4851563449568606
1.0540892	0.07115535749637766	0.3890766881543978	0.04504298377514182	0.6691000400238467	0.4836865284607096
1.0530894	0.07068359235661534	0.387687558301634	0.04536415058057266	0.668648038785562	0.4822980668428645
1.0520896	0.06996473103244567	0.3858761005629871	0.04655074794749214	0.6682872933348225	0.4806019345862207
1.0510898	0.06936369878780528	0.384557106784333	0.04687777191130926	0.6678664020387025	0.4792510698926977
1.05009	0.06851176447083301	0.3821519137993374	0.04795001275709163	0.6674008638714993	0.4775909844030545
1.0490902	0.06783404590999298	0.3802481521286354	0.04891274573830633	0.6669633989623133	0.4759716534727649
1.0480904	0.06730169862755223	0.3788134200465605	0.04949466923582564	0.6666041573278639	0.4743425576686981
1.0470906	0.06656862852179572	0.3767214792829415	0.05040768513878602	0.6661113219918733	0.4727211425305821
1.0460908	0.06574510086064993	0.3744894278653296	0.05173413588965265	0.6656571036426977	0.4710427344002117
1.045091	0.06515001492318277	0.3728994374024846	0.05237033972937285	0.665200810172879	0.4694197336106741
1.0440912	0.06470433418249487	0.371283108541171	0.05292148915858115	0.6647920443452624	0.4677032690880724
1.0430914	0.06393798037355256	0.3691685943128023	0.05395349424327946	0.6642568327153352	0.4659614963228294
1.0420916	0.06351914267231895	0.3676218129129914	0.0551216746843769	0.6639131136119489	0.4641294927161364
1.0410918	0.062778877861264	0.3654020054897906	0.05573854811418356	0.6633953608815552	0.4623413320900526
1.040092	0.0618212240284639	0.3628407618537828	0.05664303031623105	0.662739244600052	0.4607286660225482
1.0390922	0.06132539540166759	0.3609482581980488	0.05780622250779589	0.6623595038531571	0.4587551026275525
1.0380924	0.06060019527892153	0.358659692725789	0.059215695589603	0.6619052638592214	0.4564677088580589
1.0370926	0.06017799505830101	0.3573103715398299	0.05980607560219553	0.6613558444857062	0.4549437727127503
1.0360928	0.05946022614796889	0.3550064932855861	0.06110264706846968	0.6608275339846652	0.4531931856920792
1.035093	0.05860144475183816	0.3523503572772375	0.06251070295937249	0.6603249641601568	0.4509707808417369
1.0340932	0.05799133659752703	0.3501820991605355	0.06326682235297854	0.6597107214871336	0.4492300466512899
1.0330934	0.05752301961125797	0.3481831009916045	0.06437407416897188	0.659370495542263	0.4465814814819782
1.0320936	0.05682232485836838	0.3459012582714912	0.06545053141975979	0.6586879195243023	0.4447235119435807
1.0310938	0.05592204995094947	0.3430837976392409	0.06705257794735521	0.658138920660905	0.4424753106710079
1.030094	0.05540126743941633	0.3410576767372106	0.0686889994765688	0.6576050004787631	0.44025643860374
1.0290942	0.05467763150123046	0.3386873410894886	0.06949431219759011	0.6569086370878671	0.4384693414598904
1.0280944	0.05394115688664409	0.3358881560621789	0.07101982954101042	0.6564032152893557	0.4357977620515819
1.0270946	0.0530188391376422	0.3330236230438235	0.07229799098815118	0.6556441242390523	0.4334864202848173
1.0260948	0.052489703831623	0.3309852824102531	0.07350955976870871	0.6549923426497405	0.4315427562305425
1.025095	0.05197174088350894	0.3281070531212629	0.07521994464851656	0.6545871569411693	0.428707883940823
1.0240952	0.05116639078779966	0.3257464974443451	0.07676789258865062	0.6538731112066087	0.4265198728597691
1.0230954	0.05038210315257657	0.3226918293382429	0.07814321082546385	0.6530554019292131	0.4243791307566436
1.0220956	0.04982565848105208	0.3205781571773885	0.07921600960985661	0.6524358673493056	0.4220166879732184
1.0210958	0.04917561676811305	0.317793947460946	0.08056068162421445	0.6517047619808914	0.4198301880356991
1.020096	0.04847385100401192	0.3153543335500101	0.08182498610275166	0.6510211526036619	0.417045875298882
1.0190962	0.04762024693007644	0.3118994053461273	0.08410664643571936	0.6502699243725392	0.4139385740844594
1.0180964	0.04690628023285233	0.3089792342452533	0.08589034032051432	0.6496055669646558	0.4113579762656626
1.0170966	0.04617344435689122	0.3065691937149528	0.0868266682052338	0.6486482190356234	0.4090808062197746
1.0160968	0.04539689069992371	0.303777588281167	0.08862729333890926	0.647823816039223	0.4064928752460251
1.015097	0.04495860228684946	0.3012020513191962	0.09006800877989179	0.6472350330466199	0.4039582321118096
1.0140972	0.04406008122192807	0.2979251607676454	0.09169025029629489	0.6461793875658759	0.4012550106129152
1.0130974	0.04361741958287681	0.2958230438746681	0.09265053970487543	0.6454384094697578	0.3987009634633527
1.0120976	0.04281674752674837	0.2921362443984678	0.0951027830430078	0.6446394332346668	0.3952858348057028
1.0110978	0.04201385014018066	0.2892007672281217	0.09677048504030107	0.6436097168039104	0.392645155950611
1.010098	0.04135673967392735	0.2861212268749027	0.09914333425895432	0.6429963231884934	0.3889973160511953
1.0090982	0.04074347152982828	0.283648912292993	0.09983818656365642	0.6417618778245668	0.3870057160464711
1.0080984	0.03995887674526405	0.2802953064723288	0.1022820720793986	0.6409358916696505	0.3839600130086392
1.0070986	0.03925429995550859	0.2773495235303746	0.1038799634619327	0.6399517089053189	0.3805614615143718
1.0060988	0.03871171562196291	0.2748551576146792	0.1056164724535691	0.6391152772563287	0.3774105040667407
1.005099	0.03794523005963588	0.2712367121219262	0.107295358549319	0.6378695011830475	0.3748667665190282
1.0040992	0.03741770659291257	0.2690542431662871	0.108418882618488	0.6368166685996246	0.3724846448059115
1.0030994	0.03652448542193687	0.2652017368287292	0.1110535746336063	0.6359343355879757	0.3676860587308377
1.0020996	0.03585880382531367	0.2621972473046799	0.1124732756634011	0.6346191327560857	0.3650661997152782
1.0010998	0.03493929016085839	0.2581950133051188	0.1149797225950912	0.6334286115504826	0.3609823982223674
1.0001	0.03463561719209903	0.2566841922757385	0.115639372550659	0.6323266765382348	0.3590790019487751
