1.5	0.3122052560941831	0.6267342314498872	0.009380019208980442	0.724517270472032	0.6782637543194716
1.4990002	0.3117891292237929	0.6264625952229186	0.009401652499943427	0.7244592752838713	0.6781017069687451
1.4980004	0.3113757692806971	0.6261902498573055	0.009422691371475335	0.724400837117506	0.6779394110335358
1.4970006	0.3109617568023736	0.6259179802441074	0.009444029303183729	0.7243422008440218	0.6777760976484966
1.4960008	0.3105463445893478	0.6256447565582199	0.009465418192620048	0.7242834997409787	0.6776126875723611
1.495001	0.3101323391185987	0.6253710139599511	0.009486478857680865	0.7242244416207333	0.6774488837682598
1.4940012	0.3097143946081815	0.6250969184176811	0.009508324269969103	0.7241655718216974	0.6772842685322632
1.4930014	0.3092972071710922	0.6248224113756469	0.009529924957860196	0.7241063779858238	0.6771192963981907
1.4920016	0.3088770696536578	0.6245476735248777	0.00955221670084451	0.7240472496919712	0.6769534568047492
1.4910018	0.308462735957134	0.6242722000176895	0.009573480428084752	0.7239873846027286	0.6767869908989814
1.490002	0.3080439772825923	0.6239962266529249	0.009595257744692392	0.7239276685385373	0.6766206097497575
1.4890022	0.3076233851534997	0.6237197677838779	0.009617319242322432	0.7238679220296521	0.6764537203606171
1.4880024	0.3072055292894197	0.6234428333109214	0.009639071290356873	0.723807713276407	0.6762858535164318
1.4870026	0.3067835225060043	0.623165552569761	0.009661397981831861	0.7237476435033331	0.6761176429610313
1.4860028	0.3063638212279262	0.6228875306269109	0.009683146034218855	0.7236871146497816	0.6759493289345443
1.485003	0.3059444418437058	0.6226089362130648	0.009705029595603761	0.7236264021217861	0.6757800284460908
1.4840032	0.3055194000513954	0.6223303459567943	0.00972787140822343	0.7235659438613784	0.6756100813165165
1.4830034	0.3050987550749689	0.6220503440555138	0.009749575122674558	0.723504884165619	0.6754405306763758
1.4820036	0.304678312309265	0.6217707082799013	0.009771564544725398	0.7234435338191521	0.6752695208482191
1.4810038	0.3042521603746343	0.6214903835990062	0.009794630622842495	0.723382546623737	0.6750978474913563
1.480004	0.3038285274969817	0.6212096012702718	0.009817160573107223	0.723321067813021	0.6749258719057722
1.4790042	0.3034056694479377	0.6209282780384939	0.009839429154647829	0.72325926316705	0.6747532803289842
1.4780044	0.3029794720251183	0.6206462936283654	0.009862131271989302	0.7231975762130555	0.6745805562662666
1.4770046	0.3025547929684682	0.6203638637597227	0.009884665445659368	0.7231355029037687	0.6744070336168827
1.4760048	0.3021247837395815	0.6200806537876856	0.009908033746394119	0.7230737426597684	0.6742332661798311
1.475005	0.3017003192762464	0.6197974490742305	0.009930606039844098	0.7230111629331295	0.6740584097633567
1.4740052	0.3012727275977397	0.6195137025664146	0.00995359338401061	0.7229486599685377	0.6738831538149691
1.4730054	0.3008450358669125	0.6192289472313725	0.009976563960085954	0.7228859934089336	0.673707466887674
1.4720056	0.3004206312110043	0.6189442622483193	0.009998988431651507	0.722822723296158	0.673530975428166
1.4710058	0.2999927598083855	0.6186583061794267	0.01002166587828471	0.7227595406861392	0.6733548841942899
1.470006	0.2995595945598327	0.6183729817762921	0.01004583117823078	0.7226966441521434	0.6731765548957778
1.4690062	0.2991303474384379	0.6180854373240434	0.01006851055362864	0.7226331530656037	0.6729997605430164
1.4680064	0.2986983242933725	0.6177987829834803	0.01009224067608146	0.722569659265074	0.672820780313017
1.4670066	0.298270293554304	0.6175114464099747	0.01011511560107657	0.7225055380816636	0.6726418024435989
1.4660068	0.2978385569334176	0.6172236015090421	0.01013886931555782	0.7224415624489272	0.6724613235783589
1.465007	0.2974054055405055	0.6169351636640144	0.01016268071412101	0.7223774737824556	0.6722807794567606
1.4640072	0.2969745970856311	0.6166457182782024	0.01018581506949814	0.7223129424427495	0.6721003475996856
1.4630074	0.2965395773313841	0.6163556457440964	0.01020942723024446	0.7222485088812878	0.6719198561630361
1.4620076	0.2961070962147728	0.6160654576473173	0.01023298726303017	0.7221836290132755	0.6717377171179441
1.4610078	0.2956711105429589	0.6157745555045395	0.01025709747028062	0.7221188459333001	0.6715552880983808
1.460008	0.2952402987256584	0.6154830173993899	0.01028013928362168	0.7220533456012681	0.6713724595660344
1.4590082	0.2948028199334333	0.6151914634846067	0.01030447109010207	0.7219881414327886	0.6711883695608949
1.4580084	0.2943679904028971	0.6148996635381535	0.01032862688314811	0.7219225174969001	0.6710033247781692
1.4570086	0.2939324671454286	0.6146060660297735	0.01035221535086948	0.721856705042327	0.6708192679742578
1.4560088	0.2934942929449268	0.6143128272742161	0.01037656361241972	0.7217908737723362	0.6706337811637342
1.455009	0.2930567572205063	0.6140196314288452	0.01040108828248835	0.7217247037994601	0.6704467887613378
1.4540092	0.2926194617633998	0.6137242525462727	0.01042491987415608	0.7216583513118934	0.6702609846460736
1.4530094	0.2921799161377194	0.6134291206748288	0.0104494053303727	0.7215918999483976	0.6700736883179674
1.4520096	0.2917381579406707	0.6131335584985864	0.01047440644928467	0.7215254170680273	0.6698852430474873
1.4510098	0.2913003141762208	0.6128373212289306	0.01049855252795586	0.7214583302074775	0.669696879131242
1.45001	0.2908559992862095	0.6125408276463166	0.01052391169733036	0.721391564816563	0.6695075217067108
1.4490102	0.2904193504132663	0.6122436751659853	0.01054786751871425	0.7213238192744409	0.669317485408383
1.4480104	0.2899776719641523	0.6119459341219655	0.01057270970925507	0.7212563237951393	0.6691270006483971
1.4470106	0.2895357406414429	0.6116473949902148	0.01059749400887702	0.721188603875264	0.6689360450267746
1.4460108	0.2890906234046263	0.6113478204369027	0.01062235602957789	0.7211208628317645	0.668745312689443
1.445011	0.2886512081111628	0.6110483489954525	0.01064671476173218	0.7210523895917192	0.668552811572148
1.4440112	0.2882074863492282	0.610748037910688	0.0106718424317286	0.7209840880438806	0.6683598172480476
1.4430114	0.2877620853662689	0.6104476359343791	0.01069706737119786	0.7209156047684626	0.6681665109446989
1.4420116	0.2873135461223628	0.6101460844808198	0.01072276932839976	0.7208471888460488	0.6679724633889926
1.4410118	0.2868725158981352	0.6098440240072323	0.01074723394353592	0.7207778602199566	0.667777908487912
1.440012	0.2864233335110078	0.6095420753771065	0.0107731063449181	0.7207088965546125	0.6675822420912119
1.4390122	0.2859721468765086	0.6092389676542064	0.01079937655155834	0.7206399848101851	0.6673860635012916
1.4380124	0.2855293087065264	0.6089348030523778	0.01082390599245711	0.7205700425978354	0.667190019357362
1.4370126	0.2850804060015544	0.6086312417672971	0.01084993053091131	0.7205003239035235	0.6669918241422508
1.4360128	0.2846319045505794	0.6083260171441564	0.01087537340432755	0.7204303252812443	0.6667942998882659
1.435013	0.2841832017429349	0.6080208587978679	0.0109011696502716	0.7203600758885511	0.6665952343575926
1.4340132	0.2837338693143026	0.6077149712746607	0.01092699721684732	0.7202896578126645	0.6663960082326503
1.4330134	0.2832858041573973	0.6074083092046949	0.01095239040089283	0.7202188206111795	0.666196294069421
1.4320136	0.2828374754944004	0.607101306800122	0.01097800026528422	0.7201477525527449	0.6659956017715892
1.4310138	0.2823837613111894	0.6067937429477192	0.01100433836625111	0.7200768241505143	0.6657942289166272
1.430014	0.2819340740324235	0.6064851794598781	0.01103008103775001	0.7200053806231825	0.6655923389717671
1.4290142	0.2814748533208897	0.6061758107494846	0.01105720199657274	0.7199344836041741	0.6653900639963445
1.4280144	0.2810216245249636	0.6058670935739624	0.01108392077581124	0.7198627431019071	0.6651855870617893
1.4270146	0.2805707681418954	0.6055564682667596	0.01110947300970412	0.7197905544764086	0.664982528193637
1.4260148	0.2801189452076233	0.6052466854727566	0.01113598927297397	0.7197181828664182	0.6647767620786171
1.425015	0.2796601205397056	0.6049348704146996	0.01116279545318805	0.7196460909349622	0.6645720943627438
1.4240152	0.2792038951207537	0.6046228794243694	0.01118969515604663	0.7195736077313428	0.6643657352272672
1.4230154	0.278751666231905	0.6043106011455018	0.01121587061155906	0.7195004235249279	0.6641584520850949
1.4220156	0.2782952926146375	0.6039970248299048	0.01124248630337915	0.7194273681130828	0.6639514657339171
1.4210158	0.2778370752384399	0.6036834241360169	0.0112695922087601	0.7193541584747715	0.6637428603774976
1.420016	0.2773789678253802	0.6033687204017628	0.01129630266125891	0.7192806581570922	0.6635345460490321
1.4190162	0.2769229442084221	0.6030537281197306	0.01132281995590689	0.7192066839687359	0.6633252738180098
1.4180164	0.2764622761643237	0.6027383856248698	0.0113502053769857	0.7191328131165566	0.6631149245711794
1.4170166	0.276000701362357	0.6024222165295351	0.01137790003840659	0.7190588194410056	0.6629033034590848
1.4160168	0.2755411487967168	0.6021047908804525	0.01140466368244031	0.7189843250821787	0.6626925256870881
1.415017	0.2750799682118942	0.6017871620236567	0.01143228532683003	0.7189097480430758	0.6624796433844031
1.4140172	0.2746175640790851	0.6014696687426913	0.0114603146467719	0.7188349419531073	0.6622652932914276
1.4130174	0.2741579251959794	0.6011503465243931	0.01148695438428242	0.7187595983354198	0.6620527274211302
1.4120176	0.2736901677486357	0.6008316875491631	0.01151581477980686	0.7186846541470775	0.6618369502140063
1.4110178	0.2732265128963149	0.6005107202983158	0.01154315323864913	0.7186091275099578	0.6616227790784464
1.410018	0.2727660985568547	0.6001900080972488	0.01157034101986065	0.7185329868079389	0.6614063892647232
1.4090182	0.2723028541370205	0.5998689511775227	0.01159808687757368	0.7184568027943598	0.6611894683592611
1.4080184	0.2718314170898555	0.5995467871292325	0.01162713757468939	0.7183810724044867	0.6609718330938575
1.4070186	0.2713684203874693	0.5992242770965042	0.01165476048935043	0.7183043157281195	0.660753675005976
1.4060188	0.2709035838152002	0.5989001585340679	0.01168212378773778	0.7182273831944694	0.6605356252792415
1.405019	0.2704388830665449	0.5985767299206209	0.01171034327614273	0.7181501773734285	0.6603148177360398
1.4040192	0.2699690800875978	0.5982521438322578	0.01173869868257726	0.7180730473500878	0.6600949657058852
1.4030194	0.2695009980120374	0.5979263074526654	0.01176711440029341	0.7179956026703836	0.6598736703216563
1.4020196	0.2690252724396712	0.5976003684421475	0.01179681164058074	0.7179184528988424	0.6596513169002058
1.4010198	0.2685593628485273	0.5972741498674912	0.0118250814050126	0.7178401585755885	0.6594277069600213
1.40002	0.2680874235274411	0.5969469814102691	0.01185401786527094	0.7177620640450663	0.6592041900698156
1.3990202	0.2676206172529509	0.5966187130945647	0.01188188287914814	0.7176832351274101	0.6589802651088716
1.3980204	0.2671448423565204	0.5962896081334786	0.01191126204731022	0.7176048859900755	0.658755465377826
1.3970206	0.2666787074436132	0.5959603181570485	0.0119391663807705	0.7175254035148467	0.6585296770050588
1.3960208	0.2661977726142882	0.5956302548970143	0.01196962397249875	0.7174468838496453	0.6583026913695421
1.395021	0.2657302429980345	0.5953003048433697	0.01199815495542111	0.7173669187825032	0.6580743432712887
1.3940212	0.2652529694476907	0.5949684031534723	0.01202779333708596	0.7172874871963334	0.6578462321655113
1.3930214	0.2647810212479761	0.5946365240484849	0.0120569258254527	0.717207321883918	0.6576166179754376
1.3920216	0.2643051626944146	0.5943039371468648	0.01208618201396069	0.7171270734035576	0.6573871906799587
1.3910218	0.2638275042775519	0.5939696723577803	0.01211580375994259	0.7170467834797405	0.6571567801546101
1.390022	0.2633536462531786	0.5936357852223548	0.01214516809869887	0.7169658295483685	0.656924736297152
1.3890222	0.2628732977615924	0.5933014317020842	0.01217535574505687	0.7168850230768232	0.6566924325019641
1.3880224	0.2623967636672914	0.5929658060816921	0.01220518017296943	0.7168037035613519	0.6564585315636443
1.3870226	0.2619225912266192	0.5926300111361638	0.01223422669468959	0.7167217611856057	0.6562248874641741
1.3860228	0.261437976241385	0.5922922641707389	0.01226496023267178	0.7166404838391681	0.6559902083686923
1.385023	0.2609622169132976	0.5919541062265572	0.01229414190219309	0.7165581203025476	0.6557553853468435
1.3840232	0.2604805407401092	0.5916166345010845	0.01232503058342244	0.7164759185040569	0.6555174750609005
1.3830234	0.2599995619555865	0.5912773489285912	0.01235510986758799	0.7163933039262433	0.6552804248375204
1.3820236	0.2595171298800368	0.5909377578277387	0.01238574714259719	0.7163105512871912	0.6550421362828357
1.3810238	0.2590315994953901	0.5905963899319201	0.01241621580481796	0.7162276898973221	0.6548040617727746
1.380024	0.2585484829184702	0.5902549443565578	0.01244679006258501	0.7161443363747646	0.6545640814306379
1.3790242	0.2580646238789389	0.5899129133424791	0.01247757807765144	0.7160607260128946	0.6543231185748437
1.3780244	0.2575785558266724	0.5895701247459243	0.0125085015648977	0.7159769468120964	0.6540819812790142
1.3770246	0.2570956289319645	0.5892269356241291	0.01253918175072745	0.7158926051288897	0.6538391719087392
1.3760248	0.2566104738531161	0.5888835244186494	0.01257039062802871	0.7158080591719511	0.6535947502744551
1.375025	0.2561237043966444	0.5885369186667458	0.01260085687268391	0.7157234233615075	0.6533522120201473
1.3740252	0.2556334526807262	0.5881926768237787	0.01263302564195515	0.7156386003999918	0.6531058014676678
1.3730254	0.2551528429088478	0.5878461943523752	0.01266323397805131	0.7155527891661058	0.6528598089955761
1.3720256	0.2546618123297604	0.5874985897745132	0.01269511577369481	0.7154675027747058	0.6526128520684893
1.3710258	0.2541727239211667	0.5871505167949497	0.01272634383502451	0.7153816411520624	0.6523655656531457
1.370026	0.2536859591384045	0.5868027236022804	0.01275800332122078	0.7152952851262125	0.6521154964206961
1.3690262	0.2531910409489544	0.5864514009131228	0.01278950170604545	0.7152092728918409	0.6518680011865267
1.3680264	0.252700016404288	0.5861027525383198	0.01282190168461623	0.7151225428036432	0.6516160132966062
1.3670266	0.2522081678022418	0.5857509190193545	0.01285359769574666	0.7150356538373691	0.6513654605146453
1.3660268	0.2517062781463283	0.585399203836895	0.01288691750671825	0.7149490874457742	0.6511132918609236
1.365027	0.2512229110586332	0.5850459631475461	0.01291743205505299	0.7148608753334276	0.6508606042758937
1.3640272	0.2507307918103459	0.584693164333672	0.01294939874029776	0.7147728842180568	0.650606411462936
1.3630274	0.2502313392377837	0.584339850359868	0.012983146517353	0.71468515697837	0.6503493424627717
1.3620276	0.2497342798221812	0.5839842562328528	0.01301547810619429	0.7145969146218413	0.6500943596378737
1.3610278	0.2492396565727959	0.5836280225160152	0.01304749799152791	0.714508147493888	0.6498384304258861
1.360028	0.2487474376590164	0.5832728428992038	0.01308028629688916	0.7144188186973315	0.6495784228600783
1.3590282	0.2482499749069307	0.5829154774973265	0.013112971885361	0.7143295685221068	0.6493199678297708
1.3580284	0.2477478565156849	0.5825571625443453	0.01314612629005352	0.7142402782062514	0.6490609282947974
1.3570286	0.2472480176163743	0.5821974698885906	0.01317905118068011	0.7141505415823817	0.6488006159033999
1.3560288	0.2467533540444252	0.5818373504060786	0.01321126629437467	0.7140600210729063	0.6485389820319577
1.355029	0.2462519085195963	0.5814781100913221	0.01324520747701887	0.7139696364835689	0.6482752589133102
1.3540292	0.2457395150088195	0.5811164705437208	0.01327995220487316	0.7138797447179793	0.6480124142294865
1.3530294	0.2452412871190195	0.5807533021680455	0.01331258018860115	0.7137884747680013	0.6477484594459796
1.3520296	0.2447469227479624	0.5803910349229709	0.0133455198573293	0.7136965506665388	0.6474815776149753
1.3510298	0.2442453665966063	0.5800282346690546	0.01337921500691361	0.713604733741052	0.647214421390735
1.35003	0.2437357681383303	0.5796627979337025	0.01341350843099156	0.7135132263750863	0.6469478634532494
1.3490302	0.2432361621748028	0.5792974850416153	0.01344667908383083	0.7134205947898432	0.6466794973082385
1.3480304	0.2427167168667344	0.57893146473629	0.01348295376655976	0.7133290419578689	0.6464092635370563
1.3470306	0.2422242858895558	0.5785641841144166	0.01351511086070139	0.7132351863690642	0.6461384588993614
1.3460308	0.2417107264762397	0.5781961267368008	0.01355033070126402	0.713142476034805	0.645866995128658
1.345031	0.2412042310391952	0.577826187081151	0.01358387188713449	0.7130489085076808	0.645596047837891
1.3440312	0.2407045343978718	0.5774575483616045	0.01361744045115832	0.7129544228030651	0.6453216830324086
1.3430314	0.2401913638987452	0.5770866553349249	0.01365282346078766	0.7128606323732468	0.6450466012887078
1.3420316	0.23968528248989	0.5767170584234594	0.01368747209053339	0.7127658363756232	0.6447698041540825
1.3410318	0.2391721494889697	0.5763437827240444	0.01372231292093479	0.7126712848586362	0.6444936318881224
1.340032	0.238663198237547	0.575970510695175	0.01375675965699198	0.7125760387928584	0.6442167110255845
1.3390322	0.2381535217697937	0.5755968249541958	0.01379185487706995	0.7124804604345816	0.6439369607338646
1.3380324	0.2376469755474563	0.5752218628931208	0.01382599207539503	0.7123842744739932	0.643657473473587
1.3370326	0.237131681404845	0.5748480888477908	0.01386264619709169	0.7122883479026635	0.6433742401213698
1.3360328	0.2366093309640535	0.5744693834644403	0.01389805996209544	0.712192538999095	0.6430949270085894
1.335033	0.2361016813743228	0.5740936778864358	0.01393352040860091	0.7120952782219792	0.642809562734726
1.3340332	0.2355915591947391	0.5737149388425578	0.01396888300730026	0.7119979021482028	0.6425242035389827
1.3330334	0.2350744892257277	0.5733361412669885	0.01400457009485008	0.7119005211440792	0.6422393186344941
1.3320336	0.2345479422941086	0.5729555249867795	0.01404204126615494	0.7118035441911457	0.6419531786254121
1.3310338	0.2340438059142732	0.5725752506303012	0.01407610407028348	0.7117044541118613	0.6416654584463256
1.330034	0.2335185455950698	0.572190926892891	0.01411222590654644	0.71160658514027	0.6413792130841383
1.3290342	0.2330040352574222	0.5718100521626184	0.01414907478211667	0.7115075293579334	0.6410869458627502
1.3280344	0.2324861154607846	0.5714248587174712	0.01418424072862601	0.7114082883921791	0.6407979227685475
1.3270346	0.2319623840040594	0.5710421246518594	0.01422246732364044	0.7113091005828777	0.6405035614308491
1.3260348	0.2314419948662002	0.5706548316771561	0.01425808030905697	0.7112092749241613	0.6402123152339405
1.325035	0.2309162723762272	0.5702690969605838	0.01429562367627693	0.711109384330437	0.6399174742665846
1.3240352	0.2303939568952224	0.5698801784921066	0.01433206251839128	0.7110089322054999	0.6396230716169946
1.3230354	0.2298821819179243	0.5694931755921829	0.0143675607723381	0.7109072401061284	0.6393262609712843
1.3220356	0.2293467131409378	0.5691042943076494	0.01440723078748701	0.7108069318619393	0.6390271087752337
1.3210358	0.2288292390905592	0.5687132328566632	0.01444317379922712	0.7107049015800341	0.6387288410322399
1.320036	0.2282944249751986	0.5683217404128498	0.01448201977277033	0.7106036728303619	0.6384283974279829
1.3190362	0.2277760760039846	0.5679298781385921	0.01451804145166743	0.7105008335489058	0.6381280955859648
1.3180364	0.2272510860155021	0.5675382281053383	0.01455663285499047	0.7103981292245148	0.6378231059573801
1.3170366	0.2267233322027388	0.5671416297260982	0.01459288459582457	0.7102951562125852	0.6375229020258936
1.3160368	0.2261898206487929	0.5667478846875393	0.01463253957427852	0.7101921743601624	0.6372153630745725
1.315037	0.2256672991956984	0.5663509130071513	0.0146686899220653	0.7100880142893429	0.636911976434495
1.3140372	0.225138499061669	0.5659541453064887	0.01470749114983062	0.7099839284178595	0.6366028490100673
1.3130374	0.2245984216053487	0.565557060736257	0.01474754257661041	0.7098801243956832	0.6362936675535065
1.3120376	0.2240710237066791	0.5651557920158721	0.01478404601048247	0.7097750835402812	0.6359873933855865
1.3110378	0.22354411066462	0.5647572294087516	0.01482249824526784	0.7096695242339547	0.6356751599763343
1.310038	0.2229987466058766	0.5643551788871078	0.01486276005844341	0.7095648615883856	0.6353635336983153
1.3090382	0.2224743692314823	0.5639533399604024	0.01490045016787066	0.7094583112500371	0.6350497905902878
1.3080384	0.2219458605098457	0.5635518985325474	0.01493879812147139	0.7093515475541408	0.634734221326946
1.3070386	0.221396355353755	0.5631472365924075	0.01498054303727026	0.7092459285434604	0.6344172936008626
1.3060388	0.2208667566604926	0.5627423070848392	0.01501898229882038	0.7091384355443759	0.6340998584207994
1.305039	0.2203301358033163	0.5623355942291337	0.0150581601106833	0.7090309950394375	0.6337816624601734
1.3040392	0.219788941899587	0.561928629741186	0.0150982033304843	0.7089234565641318	0.6334628351614444
1.3030394	0.219262140476072	0.5615202970513893	0.01513563084298329	0.7088144264788797	0.6331425440656498
1.3020396	0.2187074684685084	0.5611111031971189	0.01517835130896457	0.7087069458387936	0.6328192273033062
1.3010398	0.218182071261799	0.5607011226854395	0.01521617696759704	0.7085969611750509	0.6324951113795484
1.30004	0.2176291188424788	0.560288306080403	0.01525744719333051	0.7084884449374779	0.6321718371944728
1.2990402	0.2171020113970613	0.5598774487213353	0.01529657298753641	0.7083777277974951	0.6318433243974397
1.2980404	0.2165428046098644	0.559463380247062	0.01533925034271029	0.7082687080858612	0.6315164097907789
1.2970406	0.2160105717301177	0.5590486592292365	0.01537767763839445	0.7081574190443785	0.6311889525610161
1.2960408	0.2154646851069206	0.5586345667813172	0.0154195879693854	0.7080466017121279	0.630856839984379
1.295041	0.2149180225710859	0.5582179666817629	0.01546091866885579	0.7079353731060875	0.63052455040126
1.2940412	0.2143758789395946	0.5577998940214177	0.01550182766549512	0.7078234114837411	0.6301901570649713
1.2930414	0.2138202701355993	0.5573807810022957	0.0155437907027249	0.7077118632375823	0.6298572005433358
1.2920416	0.2132771183416937	0.5569596969151398	0.01558420136387878	0.7075990675935437	0.6295224406720679
1.2910418	0.2127389843542395	0.556539073277231	0.01562376280908797	0.7074853944538383	0.6291861836361696
1.290042	0.2121919977126797	0.5561194168430685	0.01566637113935424	0.7073718644351028	0.6288449935441244
1.2890422	0.2116493470270616	0.5556956813361758	0.0157066926888383	0.7072576159546083	0.6285065964469206
1.2880424	0.2110872187989251	0.5552695008455685	0.01575016884973821	0.7071442168286364	0.6281651323879773
1.2870426	0.2105316356023322	0.5548430779320709	0.01579265550641404	0.7070298801967717	0.6278227507186711
1.2860428	0.2099893925991993	0.5544168159264958	0.01583328603736201	0.7069141726588611	0.627479269585136
1.285043	0.2094319300466802	0.5539890876090288	0.01587706408091697	0.7067990333652168	0.6271321967641822
1.2840432	0.2088880880096293	0.5535618266428253	0.01591882682578312	0.7066824671016591	0.6267836033785399
1.2830434	0.2083293363244342	0.5531301036767563	0.01596129498980783	0.706566430446015	0.6264370342891898
1.2820436	0.2077633974050422	0.5526994256084912	0.0160062062974915	0.7064503468461284	0.626085884331162
1.2810438	0.2072219718175929	0.5522664417142353	0.01604696892263517	0.7063322376411736	0.6257350867155319
1.280044	0.2066610864432747	0.5518346055997041	0.01609203120832147	0.7062148344708457	0.6253784702773693
1.2790442	0.2061051274249364	0.5513975824492925	0.01613366371550599	0.7060966456836455	0.6250271025005902
1.2780444	0.205541090820042	0.5509629847170975	0.0161789693238416	0.7059784938837446	0.6246691374432992
1.2770446	0.2049857945361185	0.550524844238808	0.01622124947417283	0.7058592851939592	0.624313621391438
1.2760448	0.2044158584073303	0.5500869188792533	0.0162669721495895	0.7057405048458189	0.623953194415795
1.275045	0.2038586609287238	0.5496488418354961	0.01631115079985341	0.7056204019244919	0.6235908805431273
1.2740452	0.2033012660394429	0.5492083870749952	0.01635517022467408	0.7054998506013873	0.6232281535127699
1.2730454	0.2027343629049956	0.5487644271374296	0.0163984637448813	0.7053793485085627	0.6228679322396484
1.2720456	0.2021680287689365	0.5483209533199953	0.01644392211791354	0.705258346013769	0.6225012253338006
1.2710458	0.2016142642923992	0.5478791043543882	0.01648723585929291	0.7051359662499371	0.6221341627738466
1.270046	0.2010472552822318	0.5474326421443639	0.01653316109922344	0.7050140093998859	0.6217639260189741
1.2690462	0.2004944427400563	0.5469861208431996	0.01657615081113693	0.7048906351642413	0.6213951739658007
1.2680464	0.1999202097303585	0.5465336674795513	0.0166202809269258	0.7047680598241469	0.6210282475410732
1.2670466	0.1993491808387208	0.5460870533745825	0.01666794528102001	0.7046447508387554	0.6206506531591659
1.2660468	0.1987929212949945	0.5456362227875545	0.01671102684619846	0.7045200050607422	0.6202777015761221
1.265047	0.1982197017603914	0.5451849561364001	0.01675851503666163	0.7043958144709833	0.6198987628244853
1.2640472	0.1976457026069018	0.5447315877624271	0.01680452218843884	0.7042710839095733	0.6195210998588869
1.2630474	0.1970853845002343	0.5442777981630381	0.01684921795646677	0.7041450363734856	0.6191413917046245
1.2620476	0.1965068228757344	0.5438221444823715	0.01689701052458076	0.7040195472213669	0.6187579029749192
1.2610478	0.1959424472160802	0.5433651295645745	0.01694166501024977	0.703892679668692	0.6183772739534846
1.260048	0.1953610974400001	0.5429066951271697	0.01698994868934941	0.7037662703555611	0.6179900577513097
1.2590482	0.1947812288872878	0.5424469883336168	0.01703782879168591	0.7036392633917385	0.6176026616928397
1.2580484	0.1942143722265614	0.5419867856137626	0.01708449680556375	0.703510922680084	0.6172124328088089
1.2570486	0.1936302048139838	0.5415193059439924	0.01713000622443584	0.7033830811645543	0.6168292331388689
1.2560488	0.1930604887229042	0.5410568927578068	0.01717693008033653	0.7032538348477626	0.6164364163046213
1.255049	0.1924947591155208	0.5405932378870985	0.01722328531463129	0.7031237704480785	0.6160416170038819
1.2540492	0.1919030039165124	0.5401262952397318	0.01727305168506423	0.7029947008203493	0.6156448832983274
1.2530494	0.1913252185797358	0.5396599205690992	0.01732197138038872	0.7028642673742768	0.615246248191004
1.2520496	0.1907512688693775	0.539189704949911	0.01736692167090958	0.7027329999112784	0.614851182222925
1.2510498	0.1901718979739838	0.5387207617355682	0.01741707714335452	0.702601537738572	0.6144465162193521
1.25005	0.1895926253352803	0.5382495586653969	0.01746552421575796	0.7024695253979749	0.6140445483185463
1.2490502	0.1890094592074372	0.5377736415679496	0.01751336963701285	0.7023371471525759	0.6136414977166863
1.2480504	0.1884115837065131	0.537295887020159	0.01756254124620194	0.702205021657393	0.6132377730424798
1.2470506	0.1878360143408399	0.5368223494884271	0.01761304976155836	0.7020710909735481	0.6128244061501206
1.2460508	0.1872442335765908	0.5363428023569418	0.01766170453695495	0.7019374650407926	0.612416874347522
1.245051	0.1866691318025231	0.535865558811462	0.01771033317949597	0.7018023085433183	0.6120041773088161
1.2440512	0.1860798885235022	0.5353857330394772	0.017760440104389	0.7016673775592953	0.6115910966982435
1.2430514	0.1854994990466153	0.5349038362792631	0.01780907621979651	0.7015313672659176	0.6111762473100234
1.2420516	0.1849135210743414	0.5344199251548133	0.01785872972040225	0.7013950822885523	0.6107584136678861
1.2410518	0.1843169257590029	0.533934946788163	0.01790973165725464	0.7012588143714228	0.6103393424925989
1.240052	0.1837171298654575	0.5334435255670106	0.01795938717727466	0.7011221056208482	0.6099225314919264
1.2390522	0.1831238605151164	0.5329555220415249	0.01801041120784618	0.7009844479331574	0.6094995007823721
1.2380524	0.1825419287358362	0.5324691069903488	0.01806151797008065	0.7008455571628945	0.6090701665284383
1.2370526	0.1819493158020923	0.5319797073349397	0.01811343869174332	0.7007066506874837	0.6086416818338874
1.2360528	0.1813518515157248	0.5314864637144141	0.01816611609403956	0.7005674000044223	0.6082095708303227
1.235053	0.1807572338408107	0.5309868816530948	0.01821368292929066	0.7004274040179972	0.6077879925351133
1.2340532	0.1801808393171093	0.5304952617028265	0.01826422800368484	0.7002857633156576	0.6073513229143277
1.2330534	0.1795681207014241	0.5299947387378817	0.01831635224583163	0.7001455076935341	0.6069201434124248
1.2320536	0.1789754998762199	0.529496965663019	0.01836946638284102	0.700003509293474	0.6064782615351896
1.2310538	0.1783779067457489	0.528996046660405	0.01842236046953473	0.6998611726451137	0.6060374267607981
1.230054	0.177781693343889	0.5284927475657976	0.01847347425564702	0.6997181446251094	0.6055992886416141
1.2290542	0.1771636687983268	0.5279856175355427	0.01852669610743842	0.6995756382852647	0.6051588594972774
1.2280544	0.1765686505420272	0.5274858714643172	0.01858226154840263	0.6994312809796782	0.6047054154017778
1.2270546	0.175977011060319	0.5269802416849516	0.0186343077702075	0.6992860997100109	0.6042582712312292
1.2260548	0.1753715367483	0.5264705530972015	0.01868803844928379	0.6991410054264601	0.6038083872393986
1.225055	0.1747596031314577	0.5259626325238569	0.01874226741407471	0.6989955992462848	0.6033570219910431
1.2240552	0.1741472461212113	0.5254497238446922	0.01879741351715771	0.6988495722492571	0.6029018866930921
1.2230554	0.1735635543483189	0.5249313485239873	0.01884622461738274	0.6987013730969541	0.602452015969671
1.2220556	0.1729375816334396	0.5244204448487734	0.01890628450649912	0.6985547597253776	0.6019842991813187
1.2210558	0.1723474069594088	0.523901838975006	0.01895789339627044	0.6984055759626087	0.6015260004226175
1.220056	0.1717257700767165	0.5233854025315937	0.01901458759533111	0.6982573947771096	0.6010615468292364
1.2190562	0.1711279760449986	0.522861819361146	0.01906624210598596	0.698107274844733	0.6006019726968976
1.2180564	0.1705120978832197	0.522343466173151	0.01912469457180589	0.6979574318926267	0.6001289139937873
1.2170566	0.1698903029281584	0.5218173159750693	0.01918037329848679	0.697807250845093	0.5996598555807459
1.2160568	0.1693021129304957	0.5212914158174664	0.01923300693390031	0.6976546377611661	0.5991888354064704
1.215057	0.1686854204305334	0.520764641349665	0.01929050225210151	0.6975027689431553	0.5987118531860316
1.2140572	0.1680777772558651	0.5202324886246207	0.01934393797304611	0.6973497737905437	0.5982397456446089
1.2130574	0.1674566789330922	0.519703505249742	0.01940223491520977	0.6971967648397659	0.597759072500478
1.2120576	0.1668372261257008	0.519170777726602	0.0194593706074324	0.6970429871911312	0.5972769814855312
1.2110578	0.1662317625301572	0.5186357671960469	0.01951428747155169	0.6968877853916134	0.5967952907931009
1.210058	0.1655793308425627	0.5180968880516125	0.01957546678122194	0.696734285427113	0.5963052659760384
1.2090582	0.1649888656286961	0.5175634136439495	0.01963112536294467	0.6965768926560658	0.5958169650492141
1.2080584	0.1643746494820932	0.5170224849513131	0.01968799472529867	0.6964200181445812	0.5953262573028475
1.2070586	0.1637513215210345	0.5164797282282826	0.01974532921295855	0.6962629612565855	0.5948323552343389
1.2060588	0.1631377702441578	0.5159337503756379	0.01980261083639192	0.6961045440866459	0.5943374904237217
1.205059	0.1624936109538158	0.5153868122623356	0.01986437194278052	0.6959469026640041	0.5938366268368034
1.2040592	0.1619131317086759	0.5148461792164627	0.01991980688480662	0.6957855698047904	0.5933341639591981
1.2030594	0.1612768672679644	0.5142909176511115	0.01997841354066764	0.6956260801261724	0.5928339730810704
1.2020596	0.1606315995160235	0.5137410932888309	0.0200420374405345	0.6954663180004315	0.5923214252202723
1.2010598	0.1600401309749868	0.5131913193160014	0.02009942874261343	0.6953032713225344	0.5918107403786003
1.20006	0.1593927189408472	0.5126322965263928	0.02015903360545986	0.6951421178371496	0.5913034859561986
1.1990602	0.1587469230912693	0.5120715994396593	0.02022117323841241	0.6949800658952868	0.590788085370235
1.1980604	0.1581465789067144	0.5115127629142927	0.02027689899466815	0.6948152603538109	0.5902757041271424
1.1970606	0.1575058446912729	0.5109500284439547	0.0203392456290695	0.6946514829354128	0.5897524618316118
1.1960608	0.1568959274899885	0.510383272115981	0.02039648630786335	0.6944854349441901	0.5892368239621046
1.195061	0.1562575858263897	0.5098226319688475	0.02046185119656738	0.6943199949682256	0.5887047777248582
1.1940612	0.1556288973870034	0.5092486551439797	0.02051826694448889	0.694153365890025	0.588187026115245
1.1930614	0.1549866566614576	0.508689082983702	0.02058921932272637	0.6939865560073901	0.587637517514381
1.1920616	0.1543575629653224	0.5081086938126173	0.02064448734862446	0.6938184210607498	0.5871160868764025
1.1910618	0.1537321432919949	0.5075397989185398	0.02070804676853563	0.6936492856042332	0.5865764693654955
1.190062	0.1530888376136347	0.506960652925735	0.02077081950197884	0.6934800364691609	0.586039779403061
1.1890622	0.1524635402168069	0.5063790937442455	0.02083000166238166	0.6933093168214427	0.5855034147515752
1.1880624	0.1518240581657979	0.5058019630993669	0.02089729690153321	0.6931383433468502	0.5849508431534066
1.1870626	0.1511654366939468	0.5052172821381836	0.0209612995714483	0.6929675191066946	0.5844040350123045
1.1860628	0.1505378297298231	0.5046379770284694	0.02102689822863405	0.6927943374793959	0.5838499927348293
1.185063	0.149916376794536	0.5040493811498423	0.02108990349634057	0.6926201930682946	0.5832934325582717
1.1840632	0.1492598291356439	0.5034528360229661	0.02115115335740555	0.6924467030443805	0.5827470167904791
1.1830634	0.1485993989114198	0.5028634831186949	0.0212199013499369	0.6922726097319306	0.5821800298361055
1.1820636	0.1479782432103245	0.5022757879791226	0.02128595737616725	0.6920959035268681	0.581612931039603
1.1810638	0.1473496393389886	0.5016783269866438	0.02135037025656129	0.691918700216726	0.5810456818159045
1.180064	0.1467073322394098	0.501077457812432	0.02141603549105619	0.6917410441377787	0.5804786958662269
1.1790642	0.1460842138339658	0.5004813426750016	0.02147716240170151	0.6915622512583816	0.5799104072513683
1.1780644	0.14539480651404	0.4998701575526798	0.02154719955936174	0.6913848955149574	0.5793345043850968
1.1770646	0.1447644897527164	0.4992607923937094	0.02160980595667774	0.6912041733539295	0.578764488722402
1.1760648	0.1441171495606881	0.4986539937134761	0.02168041237575188	0.6910233782552498	0.5781753102181735
1.175065	0.1434870164345246	0.4980486643245912	0.02174555267170432	0.6908410898020239	0.577594061982155
1.1740652	0.1428177948797667	0.4974289649800531	0.02181463907946322	0.6906593583728966	0.5770051932606723
1.1730654	0.1421789144207333	0.4968165771323563	0.02188183586229884	0.6904757745932412	0.5764130091986489
1.1720656	0.1415440368248605	0.4962006979595914	0.02195037587945484	0.6902908089249227	0.5758181824362428
1.1710658	0.1408397960930651	0.4955769416482065	0.02202373878184808	0.6901080551700738	0.5752145181579029
1.170066	0.1402354444763831	0.4949537682908864	0.02208942937020919	0.6899200300260165	0.5746144560748235
1.1690662	0.1395886785261996	0.4943344049482365	0.02215998311545201	0.689733026803438	0.5740074978652355
1.1680664	0.1388962671892796	0.4936915855123709	0.02222620142807039	0.689546740709843	0.5734115915236477
1.1670666	0.1382534850206902	0.4930592296947767	0.02229547781183772	0.6893575383270889	0.5728009223435893
1.1660668	0.1375934025768324	0.4924282902467121	0.02236977999018779	0.689168172997534	0.5721775267310441
1.165067	0.1369286191285906	0.4917940588135017	0.02244039730963138	0.6889782495362108	0.5715593486494011
1.1640672	0.1362833085317617	0.491157060293927	0.02251055819442556	0.688786619559476	0.5709352806547628
1.1630674	0.1356421066460436	0.4905142860179976	0.02258149776687568	0.6885935229326069	0.570309735275308
1.1620676	0.1349360354755564	0.4898693615601471	0.02265834819353615	0.688401853111396	0.5696802455216449
1.1610678	0.1343265504589725	0.4892192252728284	0.02272543097264064	0.6882056042504018	0.5690533696896705
1.160068	0.1336679551615984	0.4885791449253556	0.02280194022768804	0.6880108097388841	0.5684042434727187
1.1590682	0.1329433360402074	0.4879129904981225	0.0228760303519538	0.6878169688308704	0.567768585684444
1.1580684	0.132329445298091	0.4872690131314575	0.02295142665033495	0.6876179392835895	0.5671188712576513
1.1570686	0.1317122887538893	0.4866096630820289	0.02302069459247685	0.6874182622415971	0.566473857195977
1.1560688	0.1310367514338728	0.4859520020912458	0.02309789651962534	0.6872197086505309	0.565817904600452
1.155069	0.1303571053094748	0.4852799961110551	0.02316889249237504	0.6870202852891535	0.5651705377839684
1.1540692	0.1297008744394089	0.4846247274889149	0.02325092259898813	0.6868189693030299	0.5644967132379344
1.1530694	0.1290145639433317	0.4839357596261763	0.02332285865536357	0.6866173887322877	0.5638418804463103
1.1520696	0.1283720937388278	0.4832704478702232	0.02339947649383401	0.6864133320050708	0.56317553219359
1.1510698	0.1276911858056887	0.482591018713498	0.02347594120558739	0.6862098041191678	0.5625032846574425
1.15007	0.1269907950401068	0.4819053847443497	0.02355460109400636	0.6860057274805862	0.5618270220719405
1.1490702	0.126343897906449	0.4812228952749021	0.02362887190106137	0.6857988157823827	0.5611514838954003
1.1480704	0.1256799163019599	0.4805413572344795	0.02370908089187962	0.6855915562071381	0.5604602123764285
1.1470706	0.124999364376052	0.4798472314885814	0.02378742577451559	0.6853835977102612	0.5597717707224575
1.1460708	0.1243288253618809	0.4791605132279017	0.02386746318655287	0.6851743787045743	0.5590756866082788
1.145071	0.1237121468093392	0.4784685021434983	0.02394464561821337	0.684961734677733	0.5583835366414605
1.1440712	0.1229884189835274	0.4777726051824932	0.02403316721891157	0.6847520596417743	0.5576668724580327
1.1430714	0.1222987565055813	0.4770547810054445	0.02410869379634922	0.6845394375298947	0.5569769070699926
1.1420716	0.1216746037087238	0.4763566895203463	0.02418741816699631	0.6843242786190656	0.5562653708482159
1.1410718	0.1210006009614464	0.475653718665227	0.02427375078872951	0.6841091994475698	0.5555441196390218
1.140072	0.1203228048038916	0.4749477364123206	0.02436177208765493	0.6838934343442137	0.5548100907700537
1.1390722	0.1195985774645509	0.4742215632160963	0.02444828675010589	0.6836776210396857	0.5540807456139593
1.1380724	0.1189342302018448	0.4734955724438284	0.02451860318480518	0.6834590005296284	0.5533787552864393
1.1370726	0.1182474262108407	0.4727748595376287	0.0246099850534336	0.6832398601787788	0.5526280712026147
1.1360728	0.1176562970197068	0.4720637927495764	0.02469290231380384	0.6830167415857885	0.5518863902785135
1.135073	0.1168672501894667	0.4713204974034395	0.02477987766958954	0.6827982968697466	0.551145114478392
1.1340732	0.11624999646324	0.4705928274643353	0.02486159567168346	0.6825732267197535	0.5504049037179048
1.1330734	0.1155456848422464	0.4698548784562791	0.02495670752305513	0.6823494911701996	0.5496366046686036
1.1320736	0.1149425439308405	0.4691125999320911	0.02502714892964845	0.6821219629112026	0.5489068373420254
1.1310738	0.1142059686813412	0.4683646765761213	0.02512075006044935	0.6818965119308025	0.5481399429416397
1.130074	0.113485227031995	0.4676122394323632	0.02521874249614088	0.681669847539543	0.5473481723846528
1.1290742	0.1128076499578678	0.4668687130333594	0.02531012989343595	0.6814405311274435	0.5465713938639746
1.1280744	0.1121364023186767	0.4661009119864589	0.02539337088634304	0.6812094071040764	0.5458080474324225
1.1270746	0.1114921418111605	0.4653428064775215	0.02547613145393518	0.6809772084632163	0.5450298615501419
1.1260748	0.1107942432646198	0.464575849739067	0.0255744170485696	0.6807436849734547	0.5442368729315179
1.125075	0.1101617747918614	0.4638183313659039	0.02566379316380766	0.6805082886904611	0.5434414910441989
1.1240752	0.1094013279205408	0.4630280630310355	0.02575392998230226	0.6802746366332013	0.5426478233288998
1.1230754	0.1087418419093238	0.4622555109051716	0.02584850581116672	0.6800365766001679	0.5418444807711147
1.1220756	0.1081009649804006	0.4614818444448498	0.02594779111987494	0.6797972327564999	0.5410168549759831
1.1210758	0.1073808946535031	0.460680007164036	0.02603670192550551	0.6795580988335735	0.5402163963439114
1.120076	0.1066783993864061	0.45990140872511	0.02613334548991696	0.6793180125976289	0.5393855243079995
1.1190762	0.1060176304320635	0.4591093499686653	0.02622719171425452	0.6790751041114845	0.5385579458488563
1.1180764	0.1053570132497072	0.4583140424201755	0.02632711184826462	0.6788300636138526	0.5377265438054603
1.1170766	0.1046165918491053	0.457494637938024	0.02642695675973263	0.6785853986783293	0.5368913780106693
1.1160768	0.1039746909733431	0.4567043974240048	0.02652588413296526	0.6783383088071637	0.536034000071711
1.115077	0.1032555006527555	0.4558885342952247	0.0266262494038319	0.6780909276383484	0.5351814865692514
1.1140772	0.1026000606799834	0.4550688243079221	0.02671864463853146	0.6778405656743938	0.5343382522812395
1.1130774	0.1018050278924879	0.4542310608773106	0.02683241943329369	0.6775915383154387	0.5334533613588064
1.1120776	0.101154492042927	0.453408212954058	0.02692605581923542	0.6773379978691448	0.5326023033840152
1.1110778	0.1005300004109572	0.4525824399164328	0.02703078922577688	0.6770822975638026	0.5317224468293046
1.110078	0.09972961798058731	0.4517277412030106	0.02713876055316991	0.6768290741469165	0.5308305520524194
1.1090782	0.09909940429271294	0.4509111885677887	0.02724241796967565	0.6765708114822486	0.5299444245454734
1.1080784	0.09840511809648424	0.4500573406368794	0.02735526076357882	0.6763112706220725	0.529044943567138
1.1070786	0.09779381402613251	0.449191788819642	0.02744174284864018	0.6760491057185554	0.5281837619007288
1.1060788	0.09705008516387752	0.4483568433606797	0.02757045676034476	0.6757883582432519	0.5272387096779103
1.105079	0.09635909410045705	0.4474829683768252	0.02767916245482868	0.6755246381615357	0.5263232634782239
1.1040792	0.09572001603155414	0.4466333916771213	0.02778914160498857	0.6752593542861823	0.5253859106025013
1.1030794	0.09498555817506725	0.445729596533758	0.02788539125291593	0.6749927186726608	0.5244959210005904
1.1020796	0.09423747246691482	0.4448415898632717	0.02800387355721125	0.6747253698583476	0.523543823987615
1.1010798	0.09369441166860605	0.4440027119707113	0.02813085671133599	0.6744519024177844	0.5225825642400661
1.10008	0.09299747165265794	0.4431049688885023	0.02824138213044498	0.6741800310579353	0.5216444034560805
1.0990802	0.09231718275323969	0.4422303579472327	0.02837534760765294	0.6739055124915162	0.5206656523071005
1.0980804	0.09155389491012927	0.4412783944976464	0.02846674076781491	0.6736314014868393	0.5197459009329142
1.0970806	0.0908115676434233	0.440371582947283	0.02859492514805955	0.6733557030843473	0.5187417757069568
1.0960808	0.09011865443396272	0.4394573943818307	0.02871441664242043	0.6730772279067496	0.5177511843469486
1.095081	0.08954185823973916	0.438547737185786	0.02882601399631364	0.6727929967199409	0.5168094903685091
1.0940812	0.0888620207569514	0.4376418554903184	0.0289650158297045	0.672510711782851	0.5157757462827142
1.0930814	0.08824921432731328	0.4367184824136449	0.02909224624384057	0.6722238269876092	0.5147897631913416
1.0920816	0.08749739801293931	0.4357657042405456	0.02921509065071215	0.6719394255205139	0.5137593847962117
1.0910818	0.08671601522464642	0.4348022182203905	0.02933984623131514	0.6716534700293488	0.5127266620181448
1.090082	0.0860599282941437	0.4338669120722387	0.02949261654663918	0.6713607055733145	0.5116915428175524
1.0890822	0.08545440459889826	0.4329212115966568	0.02960761586033804	0.6710676236836752	0.5106764876688951
1.0880824	0.08486094409434709	0.4319578479140316	0.02973287424224711	0.6707706719396798	0.5096684586913597
1.0870826	0.08413471625386607	0.4309688026237989	0.02986826564921525	0.6704752924092566	0.5086058174440602
1.0860828	0.08348332810357213	0.4299843096452281	0.03000527613546566	0.6701752414666967	0.507573871065098
1.085083	0.08287677803737069	0.429045014383143	0.03016912002231646	0.669873318684402	0.5064607554491054
1.0840832	0.08203652784514742	0.4280385892638977	0.03031961420907753	0.6695735367876838	0.5053465213343042
1.0830834	0.08147825961508694	0.4270451994404087	0.03045988438117903	0.6692659488502039	0.5042884065214985
1.0820836	0.08072407316920904	0.4260086634470576	0.03060682764043943	0.6689598203914928	0.5031917909775702
1.0810838	0.08001462957899484	0.4249787099740713	0.0307389076580267	0.6686514889036318	0.5020894874908371
1.080084	0.07943124884317729	0.4239673828953183	0.03089320208744824	0.6683376179877299	0.5009965237334322
1.0790842	0.07871260857449637	0.4229453472963222	0.03103752585872268	0.6680261347923461	0.4998464978385631
1.0780844	0.0781164803747116	0.421922433273742	0.03120604866788647	0.6677073743936641	0.4987315730027926
1.0770846	0.07734846847054118	0.4208539709726273	0.03136854343498098	0.6673913809431412	0.4975494941384391
1.0760848	0.07673211539420223	0.4198206911536465	0.03155392406265187	0.6670683254509987	0.4963725705444554
1.075085	0.07601145069082482	0.4187401817586364	0.03169970501014181	0.6667475184307718	0.4952003167822728
1.0740852	0.07539677911909833	0.417650254531288	0.03184546452108983	0.6664202332734722	0.4940768603631627
1.0730854	0.07479684426726399	0.4166150891734177	0.0320581121418537	0.6660897818464609	0.4928541508641152
1.0720856	0.07421638704665219	0.4155504998398593	0.03222262031387133	0.6657583284023699	0.4916740885667691
1.0710858	0.07346920241552857	0.4143896887995654	0.0323899001864739	0.6654260424560525	0.4904677694545629
1.070086	0.07269067598261325	0.4132727585476541	0.03259185563463952	0.665091505641075	0.4892009384764473
1.0690862	0.07214909170772159	0.4121611382201921	0.03274774382640065	0.6647502933905159	0.4880525941922035
1.0680864	0.07162510669675863	0.4110984208450943	0.03297185832599418	0.6644072642337755	0.4867563761751749
1.0670866	0.07088511847838881	0.4099272000389534	0.03314455942128718	0.6640652566419515	0.4854917174255658
1.0660868	0.07019688840513043	0.4087173459491319	0.03332467139017807	0.6637169254825475	0.4843050048518961
1.065087	0.06953784536555514	0.4075974434627401	0.03357049790783818	0.6633670116972834	0.4829628782582837
1.0640872	0.06913247006349242	0.4065279417726676	0.03376936241387559	0.6630109249207649	0.4817204003332352
1.0630874	0.06839949371325631	0.4053156160349889	0.03400237714455034	0.6626559599938228	0.4803650095264513
1.0620876	0.06784980608901973	0.4041149141249475	0.03417987961400931	0.6622958001985416	0.4791206698887924
1.0610878	0.06708809936595869	0.4028722673045163	0.03439524807461406	0.6619370648452195	0.4777421394172625
1.060088	0.06649260770551887	0.401704670067201	0.03466845816109181	0.6615690198368611	0.4764216788042518
1.0590882	0.06591344171319539	0.4004683400918895	0.03487506078946234	0.6612012237790975	0.4750564375243063
1.0580884	0.0651424541603495	0.3991946351995406	0.03509176424423067	0.6608339386930331	0.4736238227613171
1.0570886	0.0646707325043672	0.3980091234455606	0.03539621131991314	0.660453901218865	0.4722884542002451
1.0560888	0.0640339191171659	0.3966848391326107	0.03559820519253801	0.6600747689919051	0.4709840139760586
1.055089	0.06355241304355874	0.3955017606563054	0.03591709441187005	0.6596907478563108	0.4695314789067773
1.0540892	0.06284367475475069	0.3941289939066032	0.0361539635741108	0.6593077348207843	0.4680782436344938
1.0530894	0.06230881606115631	0.3928746666471586	0.03643306354077049	0.6589164446677491	0.4666796349578551
1.0520896	0.06182257268174704	0.3916052480970201	0.03670069800989802	0.6585235005242895	0.4652140461065367
1.0510898	0.06133437417479028	0.3903569097652577	0.03702237117563567	0.6581261953338715	0.4637037187711316
1.05009	0.06046832041631054	0.3888750660652166	0.03733988586650075	0.6577267534010669	0.4622371885925817
1.0490902	0.05995888765886687	0.3875183328047189	0.03762347374756957	0.6573213717099325	0.4607716045775267
1.0480904	0.05947720474539937	0.3862255574463621	0.03795196924092106	0.656910205500455	0.4592777961529858
1.0470906	0.05903892715756654	0.38482358381641	0.03821350086096691	0.6564970161715235	0.4578021901615186
1.0460908	0.05834405557167629	0.3833840799597501	0.03859477737802993	0.6560813234068856	0.4561995400431571
1.045091	0.05785614995961214	0.3820407059140628	0.03900656764776295	0.6556580964656936	0.4545748692398889
1.0440912	0.05721574264765608	0.380561312722753	0.0393700716809927	0.6552332326864615	0.4529575986453884
1.0430914	0.05679923494329881	0.3790645926377764	0.03974755824112272	0.6547978242803412	0.4514787566136695
1.0420916	0.05621862993605736	0.3775508515888918	0.04020636474987383	0.654362200794689	0.4498187759339767
1.0410918	0.05561896536730027	0.3759795150829471	0.04066876310345485	0.653921794961456	0.4481357703242707
1.040092	0.05490551385935044	0.3743272896739377	0.04116712328074443	0.653476599532736	0.4463928676684542
1.0390922	0.05449658156309468	0.3729085682165563	0.04167273448170655	0.6530220922787641	0.4446362276619917
1.0380924	0.05379661141972397	0.3710997824252677	0.04222105357136357	0.6525668934881945	0.442865975731647
1.0370926	0.05311753010721703	0.3692941793148766	0.04280238376325955	0.6521021993475631	0.4410178026592292
1.0360928	0.05243691503917249	0.3673716094559174	0.04352788850178606	0.6516264482777078	0.4392099012456702
1.035093	0.05197388310956902	0.3657981590259083	0.04417787441658768	0.6511520008290311	0.4372901719391379
1.0340932	0.05121539870107539	0.3636923710139613	0.04487017725309672	0.6506677242749216	0.4353050982625545
1.0330934	0.05057842948937028	0.3616798971576621	0.04560784323713344	0.6501688894848811	0.4334081457763311
1.0320936	0.04983665806775299	0.3596766109392024	0.04658755688069494	0.6496722989885846	0.431260990466198
1.0310938	0.04919570160465877	0.3576357368843128	0.04734938409098579	0.6491646066992202	0.429147594149218
1.030094	0.04855581656008297	0.3554903214118716	0.04822437277782097	0.6486540292888581	0.4270738944652544
1.0290942	0.04777247803192831	0.3532482844934083	0.0492837548865807	0.648121773535575	0.4247859555234178
1.0280944	0.04716455823466809	0.3509495841825537	0.05025923154997759	0.6475857634954264	0.4226251462719695
1.0270946	0.04636151390055964	0.3484842001488769	0.05131100823394586	0.6470411480854305	0.4202587729697296
1.0260948	0.04539882521312112	0.3456535534582387	0.05259816730670028	0.6464721701353195	0.4177184046514952
1.025095	0.04490904951508219	0.3435695844640934	0.05370092860246344	0.6459120048294488	0.4153124328918136
1.0240952	0.04402304965824654	0.3408780438410797	0.05505934267159852	0.6453289786943921	0.412675821071801
1.0230954	0.04323573573092101	0.3379672794669211	0.05637214402500396	0.6447286387414791	0.4100688214374948
1.0220956	0.042491987328593	0.3353063271510995	0.05782503183572149	0.6441262955740049	0.407327041579146
1.0210958	0.04171043119888117	0.3323949853268895	0.05922697351095206	0.6434999030610216	0.4046034899627405
1.020096	0.04093352937214152	0.3293044857745899	0.06083759844742732	0.6428634315247628	0.4019415774213571
1.0190962	0.04005483873243775	0.3260606371026836	0.0624494267495314	0.6422062599435558	0.3988890706443906
1.0180964	0.03915530792407192	0.3228288230948795	0.06428075151958532	0.6415191674404152	0.3957851374505982
1.0170966	0.03850684894054329	0.3200395103178136	0.06590106261936543	0.6408450239996762	0.3925987720310264
1.0160968	0.03755218413595209	0.3161057811870446	0.06779136315699473	0.6401302179152699	0.3893725273522487
1.015097	0.0369039921543334	0.3130433431746609	0.06953686720372586	0.6394059560162645	0.3863115076749752
1.0140972	0.03589669831884325	0.3089645206324899	0.0716182057380203	0.6386269851227003	0.3828958683228344
1.0130974	0.03523275059718183	0.3059684775945784	0.0735445039984266	0.6378705284074798	0.3793882022204113
1.0120976	0.03435077456921294	0.3019770672646686	0.07568729990022158	0.6370805565905632	0.3758022597083487
1.0110978	0.03345578228048212	0.2980817561933815	0.07806402294089738	0.636241824008971	0.3719419277886993
1.010098	0.03255062295810821	0.2936962812299132	0.08022897307997684	0.6353449290290299	0.3683003531396855
1.0090982	0.0316890353840384	0.2899565076568825	0.08279268361683592	0.6344774372237798	0.36409285675665
1.0080984	0.03082216962792699	0.2856057815380237	0.08512461843065562	0.6335422331755234	0.3601400718640214
1.0070986	0.03001180452051053	0.2815217228964403	0.08774795633310301	0.632599334458991	0.3559054952619746
1.0060988	0.0290536611089992	0.2765832861025452	0.09041566809803379	0.6315749187930958	0.3516273841251966
1.005099	0.02818601874592742	0.2721717516323969	0.09317557875449228	0.6305356030928551	0.3469551407976612
1.0040992	0.02726589577327621	0.2672476238212664	0.09607271786669132	0.6294389924495621	0.3424378171554199
1.0030994	0.02631095318389633	0.2626443002867528	0.09880933279977865	0.6282580111090159	0.337757020974144
1.0020996	0.02535637157007621	0.2576006900795741	0.1020363147336226	0.6270401024599278	0.3325888181924001
1.0010998	0.02448993787916668	0.2527242660902085	0.1047934053604368	0.6257694870018861	0.3278202456458926
1.0001	0.02350908348943781	0.2476957566056137	0.1080520015793716	0.6243973523076989	0.32247207777327
