1.5	0.3178433060598629	0.6287777260882158	0.01069222854603817	0.7801008204114481	0.7345412108503073
1.4990002	0.3188920524605461	0.627277548166066	0.01064701359688735	0.7801874836584672	0.7342724751568042
1.4980004	0.3167335137781566	0.6280940947969216	0.01064178700397763	0.7799483583635783	0.7340996370808299
1.4970006	0.3171842094124212	0.6274311161296957	0.01071736809123309	0.779975232509119	0.7339829400081068
1.4960008	0.3164322721862244	0.6280087382723025	0.01090908193596057	0.7798785964763768	0.7340263872417293
1.495001	0.3161418506618481	0.6273982056954774	0.010859225302533	0.7798281429572391	0.7337715540712002
1.4940012	0.3159394035788478	0.6266936318677416	0.01080423071954915	0.7797886352663398	0.7335029888315545
1.4930014	0.315258879540858	0.6267776566846299	0.01087291328645981	0.7796981782449526	0.7333973391892331
1.4920016	0.3150962335835591	0.6262259221885842	0.01086711346408366	0.7796619835755382	0.7331870817362237
1.4910018	0.3149763196180464	0.6257550909330413	0.01089158303569109	0.7796296600913104	0.7330138755266364
1.490002	0.3145320741443546	0.6258589400668835	0.01101351387804182	0.779564526170004	0.732965496789433
1.4890022	0.3132102758348512	0.6258480237279249	0.0109331733585284	0.7794067582904652	0.7326854875477273
1.4880024	0.3133860403857346	0.6251960475852529	0.0109649736596526	0.7794045478699617	0.7325138249242172
1.4870026	0.3134635410608036	0.6249777550757843	0.01110148982005225	0.7793940105029549	0.7324711723665382
1.4860028	0.313113007368404	0.624723511835186	0.01114294262781992	0.7793376244173298	0.7323202048469913
1.485003	0.3127374352083085	0.6244022226823396	0.01116062979884542	0.7792772484188855	0.7321397468345554
1.4840032	0.3127312456965173	0.623854201099407	0.01119286279536598	0.7792583572477774	0.7319652255957715
1.4830034	0.3121839460231302	0.6233658667764767	0.01113160997038367	0.7791800974885358	0.731689680880638
1.4820036	0.3112646195749761	0.622912365708209	0.01100560507959862	0.7790619875311081	0.731339120967976
1.4810038	0.3117676214480136	0.6229958073514424	0.01131430667353701	0.7790969488130555	0.7314961355943301
1.480004	0.3103707812453505	0.6228603657299097	0.01117857582465319	0.7789253031994511	0.7311487013218063
1.4790042	0.3099442771795194	0.6227759774519775	0.01125529865939008	0.7788605156206061	0.7310377204676027
1.4780044	0.3113472837692932	0.6215748828562891	0.01139975888089719	0.7789964606080879	0.7309579069825718
1.4770046	0.3093472594360064	0.6224218934364668	0.01140864161673922	0.7787568485646134	0.7308094343665519
1.4760048	0.3085668593551708	0.6224882033945205	0.01145473112791054	0.7786521403661942	0.7306709184116629
1.475005	0.3080365836684014	0.6224956814264512	0.01153298425742032	0.7785722937636961	0.7305671481582318
1.4740052	0.3087716170029796	0.6208777717460208	0.01142796161337844	0.7786354719614478	0.7301853628229142
1.4730054	0.3078445770490096	0.6214385500226994	0.01158238341253776	0.7785146542417969	0.7301847498500177
1.4720056	0.3077627192047452	0.6206837774126447	0.01154771790702839	0.7784864777466788	0.7299181497034244
1.4710058	0.3076474871094877	0.6207282513737142	0.01172383025724041	0.7784526404916154	0.7299254455376635
1.470006	0.3054805837413548	0.6209510813308163	0.01152129207336115	0.7781903701308917	0.7295104667894783
1.4690062	0.3058655882801302	0.6204303328977128	0.01165098839398364	0.7782146168062122	0.7294349606943236
1.4680064	0.3060309733573368	0.6196709613950185	0.01166855483088786	0.7782141000218273	0.7292227427460122
1.4670066	0.3054467578046737	0.6193978898131619	0.0116613878470013	0.7781278623892539	0.7290058790115398
1.4660068	0.3043283516906349	0.618969679979877	0.01149543270236129	0.7779802538778261	0.7286006413644454
1.465007	0.3059937835066962	0.6178481134343004	0.01174426112374115	0.7781542503925319	0.7286204514460513
1.4640072	0.3046058763471183	0.6185785255301891	0.01183847002529642	0.7779738254462393	0.7285697375415678
1.4630074	0.3036065200427925	0.6184708450797118	0.01178750115429952	0.7778390098793334	0.7283072624427788
1.4620076	0.3032899933123763	0.6178431458911942	0.01174274920831608	0.7777839524399977	0.7280232551993286
1.4610078	0.3025816671478154	0.6180029032969148	0.01182953101351779	0.7776828762802025	0.7279309165349441
1.460008	0.3023704344792629	0.61793536347551	0.01196200066975367	0.7776376801637475	0.7278771452362828
1.4590082	0.3016647536567306	0.6172917331729171	0.01182723764880591	0.7775366568344658	0.7274884259089799
1.4580084	0.3017593267794316	0.6170889479198588	0.01199149413532962	0.7775279342951806	0.7274594786678178
1.4570086	0.3004613648667414	0.6174991911081833	0.01201542634832546	0.7773553612380562	0.7273110995717602
1.4560088	0.3016482374204656	0.6159604708087013	0.01205782468715689	0.7774774836423436	0.7270658056531755
1.455009	0.2995633384667745	0.6169962535628577	0.012077060743109	0.7772101534718552	0.7269477953405737
1.4540092	0.3010902585726666	0.615538665195684	0.0122250963363663	0.7773750057510215	0.7268188367472952
1.4530094	0.3000083188013438	0.6152659604307753	0.0121071535422885	0.7772272074096819	0.7264672844565789
1.4520096	0.3001878377587262	0.6150162907505521	0.01228237100319299	0.7772280921354857	0.7264473346466537
1.4510098	0.2994218552043332	0.6141111955370818	0.01206109625106512	0.7771170976491035	0.7259365603519072
1.45001	0.2984267061540552	0.6146707382858662	0.01219180913855889	0.7769768206267399	0.7259178891754358
1.4490102	0.2990708708097682	0.6134817448883302	0.01222013552235839	0.7770370674074594	0.7256622713323907
1.4480104	0.2976882845119249	0.6137080254853159	0.01216951309372372	0.7768496337563112	0.725415818098716
1.4470106	0.2973447863503897	0.6141186463935927	0.01241101927283012	0.7767875679617595	0.7255120132583137
1.4460108	0.2972707530039615	0.6129853227330764	0.01228788691566685	0.7767599098308181	0.7250880044225814
1.445011	0.295549438109955	0.6133722001325362	0.01219876865022851	0.7765284509955636	0.7248084937333051
1.4440112	0.2963829535385207	0.6128376012698528	0.01246092827194458	0.7766135958648857	0.7248569693713524
1.4430114	0.2963955274557937	0.6126837699200323	0.01263488302346406	0.7765970910197925	0.7248342131658494
1.4420116	0.2953258486277516	0.612558295563304	0.01255647245315509	0.7764443065210164	0.724529644919317
1.4410118	0.294351069396881	0.6124707844099171	0.01251022522334323	0.7763028961750986	0.7242646598698764
1.440012	0.295457744299216	0.6112910043792555	0.01266379325767781	0.7764234652655684	0.7241421037431871
1.4390122	0.2938707955813497	0.6119627503248543	0.01268243047369834	0.7762045369586833	0.7240037022697156
1.4380124	0.293419975012413	0.6120030233508369	0.01279722628591613	0.7761272905324083	0.7239300914333092
1.4370126	0.2929136306409916	0.6111987696718719	0.01266362785634109	0.7760430707157702	0.7235089176780213
1.4360128	0.2935247652972279	0.6095215173947826	0.0125696146787888	0.7761049544655445	0.7230555451186375
1.435013	0.2929611340711912	0.6102734529989933	0.01285976002464341	0.7760146399218203	0.7232296468104354
1.4340132	0.2929082727529549	0.6092068195747747	0.01276740312873387	0.7759882028640914	0.7228290446889972
1.4330134	0.2916158994306917	0.6096560195044288	0.01278769806833021	0.7758013631479462	0.7226810902085622
1.4320136	0.2914035376037862	0.6100334771980256	0.01306470627529834	0.775756890303957	0.7228098297830424
1.4310138	0.2899447233359351	0.6099513950341071	0.01288935977851915	0.775544556718383	0.722398280919187
1.430014	0.2900765448381009	0.6095264633580937	0.01303240552766418	0.7755465353827883	0.7223063062089735
1.4290142	0.2896639521953401	0.6087866294992761	0.01294468756170879	0.7754738513125845	0.7219319357784939
1.4280144	0.2895002963666964	0.6081819121291225	0.01296094355946731	0.7754345611910105	0.7216803309693491
1.4270146	0.289540906000121	0.608224578729076	0.01321067878894823	0.775421691692592	0.7217516164478743
1.4260148	0.2882064422497555	0.6079956828114971	0.01302207943263415	0.7752233436736632	0.7213112595263377
1.425015	0.2874734580232063	0.6081037607746621	0.01308908432626269	0.7751065702657758	0.7211805337748606
1.4240152	0.2886874690555344	0.6064477459159132	0.01317680443483363	0.775253092684102	0.7209061727092139
1.4230154	0.287823569976639	0.6069767707967669	0.01332798390382178	0.7751190440531769	0.7209124631205459
1.4220156	0.2872257138459049	0.6061835459330717	0.0131783123988886	0.775019472335348	0.7204525039380534
1.4210158	0.2861927932950658	0.6066762108642416	0.01327127795967139	0.7748598696364342	0.7203889823412002
1.420016	0.2852950889145219	0.6066863923706113	0.01326249947793806	0.7747168565204738	0.7201676180405818
1.4190162	0.2851464883377025	0.6062320790432776	0.01333242351974267	0.7746804480962061	0.7199817058042265
1.4180164	0.2848623971828147	0.6055489172535662	0.01329390192320672	0.7746206765997055	0.7196559480881159
1.4170166	0.2855258713987221	0.6055671978569126	0.01372528751913624	0.7746992903812845	0.7199160846874889
1.4160168	0.286317706163457	0.6032521485039123	0.01353413776518756	0.7747934474496472	0.7192429145691819
1.415017	0.2844659108833219	0.604421725078797	0.01358239331141955	0.7745123545358952	0.7192099227603456
1.4140172	0.2857646038559612	0.6029933834240225	0.01379380976045395	0.7746831369516847	0.7190641153763586
1.4130174	0.2839337969111617	0.6032313712621576	0.01358980075594847	0.7744074692053489	0.7186433619471335
1.4120176	0.2830800431758465	0.6037177480502158	0.01372225163339593	0.7742650221998416	0.7186315863988167
1.4110178	0.2824605127498606	0.603351361024967	0.01369068197366955	0.7741612943901658	0.7183340546974525
1.410018	0.2822322821857947	0.6028771929318586	0.01373455061506829	0.7741099656520939	0.7181100993905478
1.4090182	0.2824457596204763	0.6023637292731073	0.01390284493824024	0.7741270492023244	0.7180165834045089
1.4080184	0.281721338751755	0.6016766259020049	0.01374196841562894	0.7740014008449783	0.717541179337903
1.4070186	0.2814141836174194	0.6015741608471343	0.01387740092350243	0.773943418231599	0.717455223643898
1.4060188	0.2806523432304731	0.6020651153863055	0.01403880149212406	0.7738126927034442	0.7174728458044161
1.405019	0.2802153397650771	0.6016643613162187	0.01405032775861521	0.7737331806581688	0.7172175347018076
1.4040192	0.2800523217172659	0.6005006760894197	0.01392254632168221	0.7736902022352958	0.7167179187131736
1.4030194	0.2798740107503067	0.5998701967961757	0.01394885525283817	0.7736497229998852	0.7164433806554682
1.4020196	0.2798117612123096	0.6004890717710566	0.01436216586872053	0.7736260887929796	0.716752017380508
1.4010198	0.2794627950239155	0.5995875492665499	0.01425618121779426	0.7735561663031478	0.7163010377078827
1.40002	0.2786728602993875	0.5995660134989407	0.01427076463409336	0.7734225179522577	0.7160888552884263
1.3990202	0.2779973653060751	0.5993859872056193	0.01426808688055764	0.7733018653935854	0.7158432049171134
1.3980204	0.2781598021977369	0.5980361491749919	0.01420089991461979	0.7733125562739863	0.715365321888971
1.3970206	0.2774116965705238	0.5984716215633955	0.01434871920821535	0.7731802830777146	0.7153663737307296
1.3960208	0.275756452613029	0.5982922978024708	0.01404852026287311	0.7729105151224676	0.7147852557776472
1.395021	0.2761235520000151	0.5989276032710079	0.01460433537022951	0.7729521346646077	0.7152556764633111
1.3940212	0.2770631061321579	0.5963779502495066	0.01445178650756889	0.7730860635271412	0.7145110433386653
1.3930214	0.2765265225351216	0.5967586735725163	0.01465309863220911	0.7729860370428768	0.7145610752018775
1.3920216	0.2766806598924667	0.5954912250776221	0.01461958631594897	0.7729989559796441	0.7141154822799556
1.3910218	0.2756898367217095	0.5964649333734031	0.01484363470988744	0.7728275370784211	0.7142742672951566
1.390022	0.2735401631834217	0.5962257138392958	0.01435322732140822	0.77246985494605	0.7134748898195739
1.3890222	0.2746711078277425	0.5954723665009758	0.01477898479350083	0.7726366943696058	0.7136067756103709
1.3880224	0.2725762614120392	0.5964210299940692	0.01462600527638282	0.7722816314986481	0.7133606955874364
1.3870226	0.2735007115653105	0.5952540142026647	0.01488427729609607	0.7724214296585201	0.7132307173000294
1.3860228	0.271722600907934	0.5957322443721402	0.01470976048516418	0.7721208644000914	0.7128823890879055
1.385023	0.2730338321479061	0.5949052959996428	0.01518112919305608	0.7723177674524542	0.7130512470395862
1.3840232	0.2712165721723118	0.5942555008288793	0.01467212914299428	0.77200639898942	0.7121628077745596
1.3830234	0.2721101578565577	0.5932617787597054	0.01497030442811782	0.7721398830015932	0.7121078587289337
1.3820236	0.271101865148686	0.5941856598685372	0.01516899366763616	0.771960034908989	0.7122394300336277
1.3810238	0.2697560038850527	0.5942258258903712	0.01499976433757105	0.7717205604883323	0.7118369325175169
1.380024	0.2697552464716251	0.5932599478331515	0.01501308837636438	0.771708160857359	0.7114620344873542
1.3790242	0.2702080702260704	0.5921743494484524	0.01514669511912809	0.7717708573956895	0.7112061311972081
1.3780244	0.2693082093861799	0.59231173996908	0.01516334266295624	0.7716081445018381	0.7110110932121135
1.3770246	0.2686314154263927	0.5929091318347185	0.0153808115547599	0.7714787659951544	0.7111144297115383
1.3760248	0.2682769838860605	0.5922162024750371	0.01534564448845777	0.7714036035143669	0.710732335061556
1.375025	0.2681976299466548	0.590692627609288	0.01517794378714607	0.7713766465728419	0.710065500844661
1.3740252	0.2671315880135615	0.5915803501694717	0.01533933569144383	0.7711799602037915	0.7101581180491746
1.3730254	0.2664355107762122	0.5918238330233855	0.01545413224109013	0.771049294821003	0.7100889361473071
1.3720256	0.2671407145134639	0.5910442268170254	0.01577826034311922	0.771157367441716	0.7100784059964095
1.3710258	0.2655644817774734	0.5918532558171723	0.01573429502675901	0.7708714369567051	0.7099340056055443
1.370026	0.2665367903661691	0.5893027265500486	0.0156721547338395	0.7710328174086464	0.7091864347915275
1.3690262	0.2650468462509525	0.5899407757486473	0.0155933060111596	0.7707516737181846	0.7089900784573023
1.3680264	0.2640105756759838	0.5901559238648615	0.01557825063147961	0.7705594148674773	0.7087675699441888
1.3670266	0.2639222267727395	0.5899047242977262	0.01576802703242571	0.7705284612067358	0.7087012489624408
1.3660268	0.264699422514774	0.5883502268061753	0.01592350417712965	0.7706568474007167	0.7083528274862049
1.365027	0.263649700704984	0.5884206624491023	0.01585040066343869	0.770453557073403	0.7080505089473382
1.3640272	0.2643651336636211	0.5872973499585942	0.01611960713724091	0.7705782620601115	0.7078937374373815
1.3630274	0.2616940306115539	0.588020779801124	0.01560700020428398	0.770075138714555	0.7072421253503633
1.3620276	0.2619252074869701	0.587617462584894	0.01589227611689814	0.770108486856825	0.7072339959869826
1.3610278	0.2629318613334243	0.5867321363932712	0.01634483546786806	0.7702856305855009	0.7073174464976991
1.360028	0.2619736121211188	0.5865846002515767	0.0162365467736851	0.7700945751500508	0.7069463039199998
1.3590282	0.2611357935345685	0.5863862415427166	0.01617275930870269	0.7699297476178961	0.7065933101478373
1.3580284	0.2604728499025938	0.5862180298853006	0.01618374565502238	0.7697976845649473	0.7063286397161531
1.3570286	0.2612661471091836	0.5850098073079277	0.01647764570009605	0.7699379078811533	0.7061668549369614
1.3560288	0.2594480681025221	0.5854323902825282	0.01619021244418058	0.7695847114265639	0.705702088183742
1.355029	0.2582721978286478	0.5861345173807561	0.01622710353605108	0.7693454220250772	0.7056486636474046
1.3540292	0.2595884220396354	0.5843688405658173	0.01658617196934441	0.7695899111830695	0.7054352553136326
1.3530294	0.2587929066074766	0.585161553702202	0.01680130610044437	0.7694252260239888	0.7056016391516421
1.3520296	0.257401460195652	0.585217604522309	0.01658662370756945	0.769151239028668	0.7051232607537014
1.3510298	0.259088069137012	0.5821221260028131	0.01672915842866317	0.7694661607148133	0.7044084203367479
1.35003	0.2578564226094564	0.5827522873349102	0.01672246316764392	0.7692161776537929	0.7042937547490747
1.3490302	0.255946452598262	0.5826427445623935	0.01622243625672573	0.7688302532590118	0.7034910913185281
1.3480304	0.2559550503426191	0.5825449604139503	0.01654330367634676	0.7688295059325245	0.7035566958405376
1.3470306	0.2565529874678407	0.5823026811276948	0.01705557962289684	0.7689375189072761	0.7038184408048659
1.3460308	0.2564817335670535	0.5812849039981683	0.01707660344825344	0.7689167799452548	0.7033786964696573
1.345031	0.2549154543866609	0.5819096046212102	0.01692290565959274	0.7685963126160529	0.70309938574304
1.3440312	0.2548490980900992	0.5811557968106099	0.01701634281807549	0.7685721020007635	0.7027973180717195
1.3430314	0.2531217105583016	0.5822718182362938	0.01691120381095318	0.7682100884772185	0.7026924966548092
1.3420316	0.2540135662710502	0.5807133383725408	0.01720276023317456	0.7683855587635059	0.7024224246373851
1.3410318	0.2528589045993246	0.5805709585131723	0.01699204649740914	0.7681376671456691	0.7019234492087667
1.340032	0.2542434876896651	0.5782930209599031	0.01732919956702971	0.7684213426714999	0.7015020720564192
1.3390322	0.2517760195274222	0.5798780102847124	0.01701507362882409	0.7679010229330775	0.7012907274787612
1.3380324	0.2515323209803305	0.5800775345828902	0.01730554476761183	0.7678426644366988	0.7014084821225554
1.3370326	0.2520047302138776	0.5787433974867766	0.01749312320538856	0.7679343190538944	0.7010552944383596
1.3360328	0.2514148676179706	0.5780590051682288	0.01739545794408462	0.7678060865968938	0.7005317432918732
1.335033	0.2510101373916118	0.5783192109467852	0.01763232813568179	0.7677137251749353	0.7006082646121886
1.3340332	0.251004847825518	0.5768710532356479	0.01758606059536168	0.7677074650000663	0.699962529188074
1.3330334	0.2508265711866757	0.5768485108229006	0.01786628805705752	0.7676688565259457	0.6999991319342931
1.3320336	0.2499363836097959	0.5765621947310668	0.01772748914360642	0.7674691405879327	0.6995342455373189
1.3310338	0.2495364872216828	0.5760754683573274	0.01775686554337772	0.767374403814338	0.6992096433905314
1.330034	0.2484651583430832	0.5764149434379899	0.01771676747765529	0.7671374777352661	0.6989875345450413
1.3290342	0.2483884321043611	0.5759273299544336	0.01791100725863411	0.7671180532788863	0.6988280492635278
1.3280344	0.2473648780216327	0.5755002779682875	0.01765388555703163	0.7668791615263438	0.6982100659757454
1.3270346	0.2475190670718674	0.5743690207586579	0.01778432738076734	0.7669092460943351	0.697808906755884
1.3260348	0.246965012131803	0.5749518202738236	0.01804497358235891	0.7667828769474434	0.6979904258609793
1.325035	0.2481790913955915	0.5728903186584637	0.0184822052389919	0.7670663811876429	0.6976351547952566
1.3240352	0.247977131480284	0.5720283813829523	0.01852507672551136	0.7670195988060808	0.6972071816458725
1.3230354	0.2466901930594105	0.5734566201259722	0.01865818637024597	0.7667266033037758	0.6974749502345805
1.3220356	0.2449211802437793	0.5744013115207942	0.01838594992897015	0.76630535787869	0.6972049850841029
1.3210358	0.2442728766025485	0.5732557994774509	0.01812181246976169	0.7661528657282628	0.6963719388144917
1.320036	0.2443565533922124	0.5728346254391353	0.01842224835859669	0.7661651897706069	0.6963337457378254
1.3190362	0.2444116221193299	0.5714660581009668	0.0184869451398613	0.7661864459802668	0.6957522362047818
1.3180364	0.2444160210080239	0.5703591096045509	0.01858476599138312	0.7661905253908853	0.6952896898785467
1.3170366	0.2416445816536724	0.5740360924885033	0.01850990955476192	0.7655202492905689	0.6960048567163292
1.3160368	0.2421798587677662	0.5720374711591814	0.01863680121163072	0.7656482621097772	0.695328972739543
1.315037	0.241208176763419	0.5724067349779667	0.01862257174049737	0.7654184279112529	0.6951617449790346
1.3140372	0.2414020131172856	0.5709793447141038	0.01873776177002122	0.7654652238254107	0.6946184083906765
1.3130374	0.2417398573698473	0.5697281697833941	0.01898554150775924	0.7655525607855901	0.6942608213297335
1.3120376	0.2416013178863455	0.5695898291719511	0.01926013270888656	0.7655125581311535	0.6942777062334851
1.3110378	0.2404868681850724	0.5699539767398267	0.01914330567916418	0.7652340032447279	0.6940169981177912
1.310038	0.2402597215567048	0.5688384555100803	0.0191340807960659	0.7651846841421658	0.6934162458567305
1.3090382	0.2401277839275044	0.5678714031228227	0.01921263821545054	0.7651554466196148	0.6929538348561032
1.3080384	0.2387115990333106	0.5693676117832883	0.0192404338014832	0.7648008833371628	0.6931722793947166
1.3070386	0.2381381084947585	0.5679151648231359	0.01892084052172778	0.7646529967861335	0.6921602308395094
1.3060388	0.2386809479369761	0.5672742230051478	0.01947237949846578	0.7647947295497016	0.6922930174785618
1.305039	0.2388466791431797	0.5668922115049494	0.01988781302939353	0.7648421444496631	0.6923571136378991
1.3040392	0.23854764647553	0.5654304622018963	0.01976327204913273	0.7647752685845989	0.6914973241419686
1.3030394	0.2362745690744744	0.5669613095419597	0.01924958428996656	0.7641782021095687	0.6912098849489661
1.3020396	0.2375255885824788	0.5647824800933693	0.01987312394945029	0.7645285108930777	0.6908713987854274
1.3010398	0.2368787080158272	0.5653147839577202	0.02005987905294289	0.7643607990805631	0.6909856402070953
1.30004	0.2362156899356011	0.5648034712288182	0.01994582275459467	0.7641864218825271	0.6904631808586115
1.2990402	0.2361365252179304	0.5640309951961094	0.02013265637516071	0.7641714735006798	0.6901466952130568
1.2980404	0.2354247317704681	0.5644903073324509	0.02026680094011469	0.7639887935899292	0.690179963487163
1.2970406	0.2349165998321569	0.5633170870116987	0.02007111526528709	0.7638544337578043	0.6893490147113981
1.2960408	0.2332626856294981	0.565033289642196	0.01995739910628704	0.7634116985906416	0.6895317032111188
1.295041	0.2341364983033968	0.5622623001135194	0.02021406058091873	0.7636618419450604	0.6886154524282789
1.2940412	0.2333955305516713	0.562820490070379	0.02032604696465892	0.7634569418162216	0.6886838253748743
1.2930414	0.2333304407522744	0.5614999662319249	0.02040214866444918	0.76345363177433	0.688044787888428
1.2920416	0.2324478478786397	0.5621977090193832	0.02048692811367993	0.7632167513475887	0.6881056290990183
1.2910418	0.2322816667498804	0.5609888083610446	0.02051613868430327	0.7631781628514209	0.6874631435827976
1.290042	0.2321420125100677	0.5609454144696263	0.02087256520277935	0.7631491645805177	0.6875693205557628
1.2890422	0.2304110526750949	0.5622026746459597	0.02052703600133021	0.7626590487352508	0.6873963508865891
1.2880424	0.2298170746596225	0.5618864297210919	0.02054310002946882	0.7625078808914372	0.6870164268195379
1.2870426	0.2303755250323315	0.5606678922256036	0.02103382945088167	0.7626689210778722	0.6868687427747044
1.2860428	0.2296555811072725	0.5605735112405268	0.02101825043595687	0.7624779159210616	0.6865403426465184
1.285043	0.2300946672824868	0.5583176975813009	0.0212032974870659	0.762624433474719	0.6856590665675607
1.2840432	0.2289826217462659	0.5586073950084182	0.0209807374196111	0.7622976470744141	0.6852905074471793
1.2830434	0.2280525800431731	0.5591086405482126	0.02094891088792876	0.762031926732062	0.6851852772427177
1.2820436	0.2286560793453958	0.5576290106008329	0.0214959521117677	0.7622411759065222	0.684920498455876
1.2810438	0.2284999809025771	0.5567612671791272	0.02163480905338161	0.7622002304002387	0.6844992157425058
1.280044	0.2283200227659021	0.5559479035970012	0.02181447595956739	0.7621695738927581	0.6840975669870212
1.2790442	0.2264539314856013	0.5573342595132469	0.02130757954662441	0.7615969205525724	0.6838687494804486
1.2780444	0.2262267727849208	0.5566081781561676	0.02147136373700085	0.7615526006585279	0.6834829060774897
1.2770446	0.225420027000657	0.5568924727865269	0.02144758051540732	0.7613116434153779	0.68331972852262
1.2760448	0.2259806620445791	0.5551869355194247	0.0219255781338948	0.7615076779809988	0.6828929797239829
1.275045	0.2237994404849311	0.5558949093148823	0.02097713484203234	0.7608229850231074	0.6819485720682321
1.2740452	0.2248651551950593	0.5539077421775189	0.02179469913575775	0.7611924733457476	0.6817298697048968
1.2730454	0.2240288146086298	0.5542085626708408	0.02174840871656948	0.760935380970129	0.6815490721790386
1.2720456	0.2232868926326068	0.5546546718373621	0.02181775441271811	0.7607158565503874	0.68153622487538
1.2710458	0.2233374946709727	0.5537758659666641	0.02217513029173328	0.7607604358223488	0.6812709713966573
1.270046	0.2237962334304913	0.5522354054999506	0.02267889870401481	0.7609375728351975	0.6808936251457315
1.2690462	0.2228758603392425	0.5526425295758414	0.02258130936864602	0.7606490934056537	0.6807116776442365
1.2680464	0.2211969616169249	0.5527131482600119	0.02178473113659231	0.7601013882379511	0.679681361155724
1.2670466	0.2222656308685129	0.5508572749313292	0.02271496322716268	0.760486690387561	0.6795995449696046
1.2660468	0.2213641186062477	0.5506157127821991	0.02249201898807867	0.760213357421984	0.6789823277871169
1.265047	0.2215410538075036	0.5495985979467181	0.02291983235493392	0.7602952430228116	0.6787422102120327
1.2640472	0.2210998418821724	0.5492824064860684	0.02304270840875027	0.7601732451500818	0.6784581093346581
1.2630474	0.2200847579364926	0.549873193365974	0.02290629209998156	0.7598451286945754	0.678306386846535
1.2620476	0.2198491025260607	0.5494555984045982	0.02317420774556115	0.7597914203114758	0.6781321536920702
1.2610478	0.2188600341195037	0.5510176458488671	0.02323773360566418	0.7594493617266164	0.6786627995530494
1.260048	0.2183647563010541	0.5495744856103911	0.02304072564939486	0.7593069814924531	0.6775543711425202
1.2590482	0.2180730629209465	0.5493874819479239	0.02331324579292803	0.7592312952925975	0.6774882010470569
1.2580484	0.2171450787565633	0.5484977751233232	0.0228716877586636	0.7589340759772704	0.6763689710318675
1.2570486	0.216360085871337	0.5495156542487272	0.0230172035711233	0.7586755900967503	0.6767048441084559
1.2560488	0.2165613906192019	0.5475199341267574	0.02327047215823028	0.7587769233859063	0.6758200923339905
1.255049	0.2159285589881783	0.5486527375137219	0.02354604530283893	0.7585651211729001	0.6763653645126191
1.2540492	0.2157541982223244	0.5465286909381355	0.02349128759494407	0.7585440219778121	0.6750517620986488
1.2530494	0.2153023916388703	0.5470638617589786	0.02378917925091568	0.7583988313334571	0.6753526817858828
1.2520496	0.2155558575097997	0.5445208421765632	0.02404413906118447	0.7585438559707542	0.6741387819520968
1.2510498	0.2153589424738845	0.5439264669006072	0.02431352123064283	0.7585031421093362	0.673885706851279
1.25005	0.2138367396197751	0.5448904444535643	0.02371681206613428	0.7579472942254722	0.6734757513194296
1.2490502	0.2143473405592617	0.5433328190043406	0.02445427895271226	0.7581848192664845	0.6732113345448577
1.2480504	0.2135153314889883	0.5432175576586525	0.02423558714636102	0.7578927629449794	0.6726836260126343
1.2470506	0.2122138080375774	0.5449585227027137	0.02399682528186085	0.7574080654579701	0.6730249263213958
1.2460508	0.2126762049637522	0.5433104461706839	0.02468765532477057	0.7576304454649156	0.6726699506772339
1.245051	0.213433340813979	0.5397857767000496	0.02527382492637412	0.7579977736301231	0.671250088370451
1.2440512	0.2133803730715605	0.5388045851981708	0.02565957307352871	0.7580230634054868	0.6708760678299791
1.2430514	0.210758387025208	0.5430366823896511	0.02458552143265698	0.7569669760441896	0.6716713681292429
1.2420516	0.2110954416958878	0.5414770991101681	0.02527486254910449	0.757169302906209	0.6712685864301656
1.2410518	0.2114932409439627	0.5390010864645832	0.02578586238057082	0.7573891359163627	0.6702682923266315
1.240052	0.2094244927961709	0.5426211597826909	0.02504166725459571	0.7565288288326283	0.6711672539939545
1.2390522	0.2088107772444852	0.54119115461092	0.02475535792266954	0.756325957439444	0.6698647150822334
1.2380524	0.2086732046603771	0.5402299640271588	0.0250120319963027	0.7563012640164665	0.6694054864802091
1.2370526	0.2093170651758852	0.5387700731990815	0.02613641255899909	0.7566594005276214	0.6694311662437841
1.2360528	0.2077593391760862	0.5392693442458362	0.02517188323949952	0.7560094279451632	0.6685276778742389
1.235053	0.2082997230244355	0.5370296725488648	0.02595290377679303	0.7563028747810322	0.6678714487206148
1.2340532	0.2066960716475424	0.5397164419931322	0.02545145389170647	0.7556281660503035	0.6685349415262303
1.2330534	0.2068682038672485	0.5373041388502909	0.02588805928916896	0.755791183519559	0.6673450949457225
1.2320536	0.207062319147779	0.5358282310729032	0.02644300993190358	0.7559211228308069	0.6668917353280135
1.2310538	0.2065761595069064	0.5352608247446899	0.02647760702859664	0.7557598295257876	0.6663524782612932
1.230054	0.2057535164650435	0.5367829521218176	0.02658848948673665	0.7554372770068462	0.6670090297761829
1.2290542	0.2041162706524184	0.5374375521270589	0.02546178231129416	0.7547123622636469	0.6660474637003593
1.2280544	0.204836887942311	0.5343911974325091	0.02636889907275414	0.7551097463147312	0.6650284427830642
1.2270546	0.2045975999353416	0.5337268720214848	0.02671756885046886	0.7550721007047972	0.6646995828009959
1.2260548	0.2033716538076723	0.5366335377764576	0.02659191393560524	0.7545357993204018	0.6659335973003991
1.225055	0.2032962757641101	0.5336783360543066	0.02657453390372337	0.7545627129510977	0.6640320593301419
1.2240552	0.2024946910362155	0.535683165910252	0.02673680118114425	0.75421753478487	0.6650782255696682
1.2230554	0.2024020006138396	0.5317755491411311	0.02658234794277395	0.7542608472619649	0.6624187752128179
1.2220556	0.2020051727051682	0.5327915784820975	0.0270166056820563	0.7541119642897484	0.6632010137854518
1.2210558	0.2013148602823279	0.5332451613078452	0.02710451696344996	0.7538568663686155	0.6631890613131648
1.220056	0.2011846066870389	0.5315058338605309	0.02723870491071979	0.7538359363300934	0.6621501337180802
1.2190562	0.2014182863294179	0.5303265988429636	0.02810665980699854	0.7540321808446827	0.6620422420518509
1.2180564	0.2002514016291109	0.5313337872334259	0.02761563819376238	0.753518547033815	0.6618301058471465
1.2170566	0.1995283935052525	0.5311546504589461	0.02730065002516962	0.7531834119601072	0.6612523451450008
1.2160568	0.1994229809699904	0.5299989628939727	0.02768679486265951	0.7531912485136141	0.6607262661061928
1.215057	0.198516383070146	0.5305886126186258	0.02741917262432542	0.7527990397678003	0.6605075647508881
1.2140572	0.1987860557326757	0.5290995899167792	0.02834652251072643	0.7530340241864507	0.6602308520498446
1.2130574	0.1992674529860662	0.5262770453585284	0.0293062036384016	0.7533823464732827	0.6591930565800038
1.2120576	0.1979373917070313	0.5277151200530736	0.02852471243458273	0.7527279938268191	0.6590577604524938
1.2110578	0.1969832614733715	0.5275083298568205	0.02795677432458378	0.7522916672449991	0.6581057454721658
1.210058	0.1962166445058761	0.5279251334849938	0.027644468137632	0.751911443040347	0.657896168437147
1.2090582	0.1962017146714133	0.5273893187860257	0.02847196151593572	0.7520085775220613	0.6580278714785064
1.2080584	0.1965817467491638	0.525608440149287	0.02963367484734253	0.7523315592771834	0.6577282844028192
1.2070586	0.1956506037210459	0.5249999112441281	0.02891349020524121	0.751865689721274	0.65645964315196
1.2060588	0.1953442763112678	0.5259578593240848	0.02957721718948493	0.7517922856636486	0.657385211660125
1.205059	0.1950849117380802	0.5235151247883393	0.02967910347199032	0.7517504879850809	0.6556176728278361
1.2040592	0.1943978743094653	0.5236490718934467	0.02944946685572183	0.7514178690853666	0.6552829633086418
1.2030594	0.1931310934834665	0.5254591842237838	0.02849075182890127	0.750713071409977	0.6553964830138824
1.2020596	0.1933868777485674	0.5230098198980727	0.02958764265283769	0.7510032294876038	0.6544445964233527
1.2010598	0.1936157903760964	0.5211827938494553	0.03069392518341393	0.7512656138507264	0.6539383391504755
1.20006	0.1925683982172408	0.5213428828336241	0.02956026050455011	0.750657652342232	0.6530071036358052
1.1990602	0.1921987673989725	0.5212972409805895	0.03015348389712028	0.7505675110882165	0.6530635030653411
1.1980604	0.1914759051152171	0.5222457927214351	0.02979385402670233	0.750172030052357	0.653286398582319
1.1970606	0.1924577924648946	0.5164704091939145	0.03241625147229645	0.7510487726824422	0.6509283929597102
1.1960608	0.1912940302776377	0.5186416439150326	0.03092596113907515	0.750304689086935	0.6513451879561538
1.195061	0.1908649257909685	0.5187308009929293	0.03156151650620369	0.7501611037464225	0.6514491350159053
1.1940612	0.1910083858906517	0.5151088430598552	0.03241583194875459	0.7504177935794962	0.6493960758540984
1.1930614	0.1888308221028424	0.5207958094331423	0.0297426349058355	0.748987660456395	0.6509673036922831
1.1920616	0.1892406543177079	0.5185837146625263	0.0313210449724157	0.7494164433174303	0.65057494531119
1.1910618	0.1891187538370808	0.516063850536077	0.03219238820268151	0.7495031629292194	0.6490375710134327
1.190062	0.1884111642797666	0.5168879112236344	0.03229548014588279	0.7491457402720171	0.6492561127714203
1.1890622	0.1882594794908967	0.5149511018444005	0.03275746205991014	0.7491908698698115	0.6480547062910715
1.1880624	0.1875366779707856	0.5157807328786341	0.03270640740688591	0.748808175864531	0.6482409485881644
1.1870626	0.1871272216633617	0.5141260805097583	0.03188234751221239	0.7485564493916582	0.6466600945435633
1.1860628	0.1863811714406161	0.5147393005935142	0.03190162587435732	0.7481706877302774	0.6465925897930245
1.185063	0.1878338512111361	0.5081521607110498	0.03620367087525506	0.749532227262961	0.64477932589264
1.1840632	0.1853475728590274	0.5153544572931619	0.03202833350167153	0.7476626588180233	0.6466906061158333
1.1830634	0.1851547366295294	0.5131442288662232	0.0332873746176061	0.7477669782983443	0.6453570526633006
1.1820636	0.1851034532750694	0.510210366636566	0.03441363837126252	0.7479391826338188	0.643636825086549
1.1810638	0.1843836903548966	0.5107468941747674	0.03323276730996941	0.7474305407630109	0.6432947769627114
1.180064	0.1845292634387455	0.5081911793177312	0.03485894291623851	0.7477466957646132	0.6423313410084927
1.1790642	0.1835745033809518	0.5100456198451413	0.03346755954348119	0.747054956400425	0.642669497219147
1.1780644	0.1834463582218126	0.5069438272653419	0.03628697494559856	0.7473946652023962	0.6410377730445116
1.1770646	0.1830867665619418	0.5071298359561636	0.03564601735264175	0.7471258619942683	0.6410953782726418
1.1760648	0.1822559076035162	0.5087255507167924	0.0347422706425955	0.7465663487785357	0.6414866654084529
1.175065	0.1817966748544561	0.5067796873269819	0.03495120301497985	0.7463820821211021	0.6396841690784909
1.1740652	0.1808588153427636	0.5098854709942915	0.03325398891631404	0.745633205770224	0.6409956223980784
1.1730654	0.1813545838306898	0.5041721101228839	0.0373872696581389	0.7464935401548229	0.6385722239013181
1.1720656	0.1806804025772158	0.5047126125119137	0.03643595599800475	0.746032246382146	0.638310622461455
1.1710658	0.1800630621178301	0.5071823812099988	0.03563266165512338	0.7455430208904226	0.6397956512328681
1.170066	0.1803705303799029	0.4994716293422422	0.03959149995309416	0.7463408630696667	0.6353212974334972
1.1690662	0.1795269563961124	0.5036214827558073	0.03666244463637967	0.7454529966445901	0.6373923855228147
1.1680664	0.1789767205722899	0.5020203995534638	0.03727881604762674	0.7452639239712913	0.6357954325826104
1.1670666	0.1783476589202795	0.5033439065259099	0.03662502091028248	0.7448020016953184	0.6363171722686969
1.1660668	0.1778541822660767	0.503633278019972	0.03724688856796387	0.7446077578013444	0.6365110886909024
1.165067	0.1772426698302075	0.5038085798413682	0.03580808112124746	0.7440818669842537	0.6358123620743845
1.1640672	0.1770816191818667	0.5017470107217532	0.03753523508860689	0.7442548996974131	0.6349202322865328
1.1630674	0.1765712377821146	0.4991269701585606	0.03849271374457722	0.7441413856546105	0.6325649156515146
1.1620676	0.1765092545598002	0.4976802593860893	0.04116258592239749	0.7444580498068152	0.6326435349145374
1.1610678	0.1755145436006017	0.5016652081551688	0.03640606980614172	0.7432308484175983	0.6336204612821331
1.160068	0.1755411233045967	0.4976363529074541	0.04007430633266727	0.7437688431514673	0.6318854331619301
1.1590682	0.1753358490001291	0.4927693489526886	0.04368827079211329	0.7442262869076967	0.6289301144470352
1.1580684	0.1743775959100525	0.497706009413194	0.03910537151945127	0.7429706398822455	0.6308097645415761
1.1570686	0.1740143269243542	0.4964769744720904	0.04050951171671908	0.7429467677939109	0.6301225599365825
1.1560688	0.173629070234693	0.4976342304139044	0.03926106015824588	0.7425308410211006	0.6307939338265985
1.155069	0.1731038953588823	0.4953367428586225	0.04125692050638188	0.7426045109062376	0.629025222584257
1.1540692	0.1727018174998149	0.4953090341091041	0.04013729510949812	0.7421663980195257	0.6285853733865394
1.1530694	0.1723006712244779	0.4923375708435866	0.04147960090346463	0.7421686253732386	0.6262495391923585
1.1520696	0.1719398560278499	0.4921047423246092	0.04128876456917001	0.7419535885666726	0.6260128900124849
1.1510698	0.1715422404263721	0.4873042806079868	0.04586227227979477	0.7424351632430554	0.6231194134817154
1.15007	0.1709543618693255	0.493911277623177	0.03921673335017942	0.7409650509994075	0.626413068581784
1.1490702	0.1704513855538315	0.491923052827988	0.0415190258468834	0.7410677670399105	0.6250662114870204
1.1480704	0.1699067039349782	0.4926991910911219	0.042466871112285	0.740818566310681	0.625689938500633
1.1470706	0.1696993103857561	0.4906286493603657	0.04230709392078539	0.7406138657703477	0.6241062286660742
1.1460708	0.1691647858813172	0.4891269247836428	0.04292545880645596	0.7405163115213537	0.6225916287772678
1.145071	0.1688294909898553	0.4888780173508604	0.04326031055969309	0.7403050114711121	0.6225714250240381
1.1440712	0.1685349869444248	0.4871024047459693	0.04350970785933632	0.7401157288521228	0.62120236827926
1.1430714	0.1678917493491965	0.489778972904814	0.04185009644271173	0.7395045009285997	0.6223744311657744
1.1420716	0.1675564695237818	0.4869441687769991	0.04463310234930801	0.7396858297085386	0.6208843667266024
1.1410718	0.1671477025968539	0.4853999172974461	0.04469766746737005	0.7395011945689606	0.6193977658319284
1.140072	0.1665800400659098	0.4886774992078401	0.04340106991045212	0.7387955222567043	0.6214168871332112
1.1390722	0.1661751952049468	0.4823305180763711	0.04616592091577366	0.7391016879570735	0.616507469163267
1.1380724	0.165695515101142	0.4762846329847347	0.05097449967733034	0.7396224014973852	0.6124857509785876
1.1370726	0.165388301824007	0.479823869652814	0.04834685568971853	0.7388557317599305	0.6149134239033374
1.1360728	0.1650300741730394	0.4909942578737596	0.0400525554009528	0.7372379443397462	0.6219902182043854
1.135073	0.1645789866980157	0.4839307530876736	0.0446402582744503	0.7376435041371718	0.6169715651887807
1.1340732	0.1639436250221086	0.4773288225219471	0.04995604561723971	0.7381563871086718	0.6122881218250712
1.1330734	0.1636824012814382	0.4825266469629041	0.04531761672825794	0.7371985626163026	0.6155215615098747
1.1320736	0.1631250902083603	0.477733813837379	0.04919026751253758	0.7375875146667432	0.6121923095594416
1.1310738	0.162637812941745	0.4739899576444797	0.05115820493951035	0.7374942054228208	0.6091258957898111
1.130074	0.1621681701353675	0.4706837728654129	0.05375796834141692	0.7376143863546593	0.6069083521438522
1.1290742	0.1618853683508148	0.4785087232606284	0.04770883624950448	0.7363131961881636	0.6117597723978185
1.1280744	0.1612598882339307	0.4700538404683466	0.0546218471491639	0.7371164536898681	0.6062271592243255
1.1270746	0.1608306619625306	0.4696201629424873	0.05464481700998911	0.7367227757595252	0.6056125500248977
1.1260748	0.1606518212626448	0.4811868744838826	0.04673716719016085	0.7353813895796554	0.6134715333568141
1.125075	0.1600809017280592	0.4712611880272781	0.052374075541551	0.7358621086817917	0.6059806372564758
1.1240752	0.1597226693602852	0.4731558755617882	0.05061562522097651	0.735373160194433	0.6070166609783977
1.1230754	0.1591811907117764	0.4692571321196918	0.05403227507613845	0.7352148866485975	0.6043294663674043
1.1220756	0.1585577591994407	0.4674587987707959	0.05589771824961517	0.7355154817036847	0.6028719080549797
1.1210758	0.1582995424628662	0.4681145909213409	0.0541848397458814	0.7349207590534665	0.6028949879322341
1.120076	0.1582009420841503	0.4755770659291058	0.04911090304635927	0.7337891559300262	0.6082960395675674
1.1190762	0.1576823038619521	0.47139590464427	0.05069487782128347	0.7336136607659227	0.6044238761685157
1.1180764	0.1566996094547786	0.4610280757132084	0.05864730569578486	0.73487807324224	0.5968605467703134
1.1170766	0.156273286637725	0.4610431282706436	0.05942564679896901	0.734316488521129	0.5969419685670226
1.1160768	0.1562865634818948	0.4681549319116168	0.0529210723026231	0.73318454107876	0.6015251140767882
1.115077	0.1556926767788262	0.4611374323233672	0.05687901920793686	0.7331065771196725	0.5959265627861192
1.1140772	0.1558215641382295	0.4720078623529753	0.04904564302953129	0.7317382376969849	0.603830431039965
1.1130774	0.1546530986911285	0.4601636745722953	0.05900610097038717	0.7333126126951506	0.5954036135659081
1.1120776	0.1543363890736232	0.4625659933014762	0.05705028754847034	0.7322854946933317	0.5965032872578623
1.1110778	0.1546108882902904	0.4718012173361205	0.04914898051529517	0.7308099686532983	0.6030816740476327
1.110078	0.1528279090097873	0.4523621963104631	0.06581487992484038	0.7330994993470878	0.5892486855067498
1.1090782	0.1530939406041528	0.4587728419917985	0.05839633831059977	0.7313307556614614	0.5929339283326636
1.1080784	0.1525032642109601	0.4571182639704822	0.06048608704943017	0.7314688291187227	0.5919903876962997
1.1070786	0.1527500093701583	0.4644497942716644	0.05342651216776381	0.7300990297543689	0.596787606542705
1.1060788	0.1513009410469731	0.4517889867045703	0.06522904684868418	0.7314201520864066	0.5878066472772819
1.105079	0.1513270404269583	0.4550424226698084	0.0605920594087814	0.7304274207648045	0.5893797288069735
1.1040792	0.150868165983592	0.4548712067917239	0.06135493942812063	0.7300610180101594	0.5892942495787641
1.1030794	0.1506559669598668	0.455500188325424	0.05949973735566794	0.7293616444435415	0.5890390055061384
1.1020796	0.1489951536783737	0.4423810938023562	0.07207903709358321	0.7311992036071098	0.5797274820558681
1.1010798	0.1497294955708945	0.4542358358303823	0.0610182998907221	0.7287550347837418	0.5880883697182805
1.10008	0.1489073429432731	0.4491043916433218	0.06471086536970318	0.7293687966644089	0.5837004101600278
1.0990802	0.1482346983536909	0.4451948403121763	0.06778306354354058	0.7293297983861154	0.5806836388969263
1.0980804	0.1485124769198738	0.4511395516610768	0.06182294598795782	0.7275688065115974	0.5845793856384744
1.0970806	0.1481365665465823	0.4535697598316495	0.0608519193738257	0.727686437000403	0.5865231514823652
1.0960808	0.1465339784772694	0.4407514216350561	0.07191303500451608	0.7289339385372827	0.5766399673313244
1.095081	0.1473536654406187	0.4497921636870535	0.06160473396315078	0.7267091814627906	0.5824077438384331
1.0940812	0.1467304187302134	0.4485174960551767	0.06388044555075166	0.7271812201639852	0.581970631483723
1.0930814	0.1458185126213928	0.4433854505918998	0.06840825211369796	0.7271234524211917	0.5779904717661442
1.0920816	0.1458208526695173	0.4476639410718028	0.06496013303120306	0.7257614455469283	0.5809375618810695
1.0910818	0.1450807660093227	0.4420972481279923	0.06872873597175787	0.7262201141245735	0.5764900666062415
1.090082	0.1445240564015473	0.4397500784814168	0.07013458115307343	0.7261040611683479	0.5742210856943346
1.0890822	0.1437539670872157	0.4379343261322001	0.07259254510319005	0.7261458259609729	0.5728307825453485
1.0880824	0.1435698080589493	0.437539839061125	0.07165702690236728	0.7250738596094882	0.5718688792248332
1.0870826	0.143924569759883	0.4459803578244265	0.06551178282749297	0.7243118630333745	0.5787876285108281
1.0860828	0.1428299131569545	0.438859966340705	0.0711579689536912	0.7248386531180525	0.5730521849754677
1.085083	0.1420886377980167	0.4333942856792165	0.07463063491615785	0.7244241661110002	0.5678628566084477
1.0840832	0.1425387937271074	0.4405057347963534	0.06765137157499906	0.7235289777721683	0.5729738109032151
1.0830834	0.1422360364770061	0.4421388430745841	0.06718740123723659	0.7227261989472439	0.5746300259676859
1.0820836	0.1414331036806964	0.4364825010041174	0.07055662447625283	0.7226022983496772	0.5693564317129148
1.0810838	0.1421184802984462	0.4455988762100104	0.06278813423305742	0.7210957882292872	0.576474769201181
1.080084	0.139233543841604	0.4260166104851817	0.0815940031916904	0.723624549783536	0.5616723771516487
1.0790842	0.1409325073265909	0.4406037651568726	0.06625675027283855	0.7210006752800594	0.5721838741411409
1.0780844	0.1386517859549143	0.4237002974486468	0.08089828170054665	0.7226003582699506	0.5584232847716191
1.0770846	0.1389470881252517	0.4285561265709052	0.0759785724334676	0.7210539683272754	0.5618943907874937
1.0760848	0.1372441227860423	0.4197203419487733	0.08523012473554072	0.7222721537442042	0.5554431730973554
1.075085	0.1378616883892457	0.4262612759734754	0.07820696002159223	0.7206808085978088	0.5599655798649615
1.0740852	0.1384110840485908	0.432774176067781	0.07202453190479591	0.7194738713922358	0.5648673017034705
1.0730854	0.1358266013704523	0.4151235523547874	0.08787250611603661	0.7215414179199446	0.5505677979039892
1.0720856	0.1361852882169324	0.4208522444858355	0.08248330433710452	0.7202322074056534	0.5549929381215021
1.0710858	0.1354941334920798	0.4192501206477673	0.08400942285942543	0.7207697482659327	0.5536307259628204
1.070086	0.1358328269946572	0.4236696452677737	0.07995233491586769	0.7193733854871915	0.5570154631612176
1.0690862	0.1352850685723322	0.4196804194825116	0.08177407057580853	0.718439598879685	0.5526315902899643
1.0680864	0.133046013849831	0.4089323735559775	0.09337720878094283	0.7205765668317192	0.5450275899257684
1.0670866	0.1330231534843108	0.4098237557715795	0.0914569109197719	0.719604227274761	0.5452511033782347
1.0660868	0.1345525913672293	0.4222550833145431	0.07920620308511314	0.716730710697881	0.5544537792060761
1.065087	0.1346672289329064	0.423114257668894	0.07624774964828215	0.7159280038399423	0.5542098063380162
1.0640872	0.1341916411633361	0.4243072664738829	0.07673164265145165	0.7157712009149628	0.5558467425734896
1.0630874	0.1325268536409231	0.4138930509812965	0.08538156728778637	0.716425823536438	0.5469409589612663
1.0620876	0.1321435355535067	0.4138166787997283	0.08615475111931382	0.7152770023286368	0.5469355399428666
1.0610878	0.1302919323898727	0.4056731891634988	0.09445465861915774	0.7176817095280718	0.5406725679810191
1.060088	0.1320257422425019	0.4181865964659696	0.08158118472330618	0.7141014920187765	0.5499049359392526
1.0590882	0.1319052020080319	0.4176831617024158	0.08087374033461169	0.7132781287555375	0.5491788816821298
1.0580884	0.1294259244881598	0.4049557232125361	0.09350455873589633	0.7154724553883252	0.5387196991529914
1.0570886	0.1299420057795389	0.4107267116390745	0.08814172420499659	0.7132442038030438	0.5436820546877794
1.0560888	0.1284865403131898	0.4015441318911624	0.09494648198308746	0.7146696087578338	0.5352941255054927
1.055089	0.1284915384444477	0.4037130622794469	0.09229863554989204	0.7141321210690549	0.5364579574705077
1.0540892	0.1277204232342262	0.3983444694212748	0.095602380531744	0.7135354521669687	0.5314057983996305
1.0530894	0.1278681458268696	0.4023138907503653	0.0923707325605336	0.7118511272844928	0.5343374026665655
1.0520896	0.1261459528934254	0.3929616500820111	0.1011012553644941	0.7135791997008114	0.5265412832216216
1.0510898	0.12728479249617	0.4012336014298449	0.09279920995264664	0.7111176049154208	0.5329540426631145
1.05009	0.1265936232423269	0.4035416273576422	0.09367824511724777	0.7106467095913522	0.5366672802507546
1.0490902	0.1263992640795467	0.4009026166822416	0.09362155266539865	0.7105177756605595	0.533150331378535
1.0480904	0.126954690799857	0.4041347462511605	0.08893809138100073	0.7086390378661229	0.5349650117101797
1.0470906	0.1239206257902278	0.3900398280365972	0.1029493305050137	0.7115876458339044	0.5229824026899558
1.0460908	0.1249931286282772	0.3985002580245996	0.09558260464895961	0.70847646280175	0.5308351108722706
1.045091	0.1227144741585415	0.3853855081075347	0.1065625850165083	0.7107895060835846	0.5192343367287154
1.0440912	0.123578456468109	0.3922499042892162	0.1001387276128866	0.7087101473694802	0.5243061020394775
1.0430914	0.122471190512	0.3843965350810921	0.1059744138766529	0.7088751517273839	0.5170782412132173
1.0420916	0.1236545868830995	0.3939299591236147	0.09650560708616762	0.7067450389533098	0.5246267377627549
1.0410918	0.121886696682364	0.3848925478842822	0.1047413868134683	0.7074094488678201	0.5172421502464127
1.040092	0.1220317645074056	0.3868102596514401	0.1024789549484342	0.7066052401232946	0.518347273110056
1.0390922	0.1232204544423925	0.3963299835603174	0.09353108516235162	0.7039075667833238	0.5264997335292056
1.0380924	0.1218429545132094	0.3934673153390505	0.09699769780384343	0.7041059820121219	0.5240558142352086
1.0370926	0.1218726165378907	0.3918591557809611	0.09632294404131683	0.7040068466112465	0.5215712422352281
1.0360928	0.1204222103963906	0.3840146057191717	0.1030837024336578	0.7040497032810636	0.5142669828970201
1.035093	0.1196336052481269	0.380973428828951	0.1053155388309127	0.7034529132750191	0.5118473777238853
1.0340932	0.11825251515591	0.3786149214449852	0.1097619013222548	0.7052307427955837	0.5103644003809455
1.0330934	0.1172216254929781	0.3731452298538943	0.1144377145858611	0.7050693784587203	0.5056589453379263
1.0320936	0.1195706551391349	0.3863026957226286	0.09994567555830147	0.7013049068668766	0.515772631645869
1.0310938	0.1163845633072584	0.3727929428215804	0.1142307305257529	0.7036456735350631	0.5048380104549187
1.030094	0.1168155990091546	0.3759330700092628	0.1103925609365874	0.702651082288301	0.5074267831136491
1.0290942	0.114997856476371	0.3659256032811917	0.1197767497062142	0.703951793065968	0.4988449493386212
1.0280944	0.1166241803934503	0.3806502724370026	0.1062388280347442	0.6996051531550017	0.5114224288460837
1.0270946	0.1166562917546325	0.3782104949369736	0.1066830516733502	0.6990321983664254	0.5083997815709629
1.0260948	0.1142780441452247	0.3692431167267773	0.1152999697795303	0.7006852999622857	0.5002287267559514
1.025095	0.1133623177761313	0.3643281780561921	0.1194032341859156	0.7008915701899117	0.4960317152633462
1.0240952	0.1152823442557302	0.37713336015588	0.107043983593107	0.6979110909955796	0.506594505478519
1.0230954	0.1137528206320211	0.3693819015145061	0.1139569502151795	0.6987780321796671	0.4999748890118465
1.0220956	0.1150682782347274	0.3734764462660953	0.1077088542070236	0.6951607041936975	0.5014232475864627
1.0210958	0.1129697651763241	0.3699265195056175	0.1141370260985399	0.6971843101693784	0.5009295595965584
1.020096	0.1113631197382336	0.3577236093125899	0.121956550453574	0.699047579248814	0.4871002428305248
1.0190962	0.1121536471553703	0.3634705557193916	0.1165591755794364	0.6950663703413401	0.4921827230407143
1.0180964	0.1109321721738366	0.3580604024012038	0.1210652490874776	0.6951808797739712	0.4870887726540699
1.0170966	0.1114707749258624	0.3631043043416046	0.1171127846671865	0.6938360878094203	0.4931738885963231
1.0160968	0.1095595392084054	0.3528896178143767	0.1261739116235064	0.6962345638760503	0.4833617277093862
1.015097	0.1078559915205587	0.3442071821890649	0.1327873260218576	0.6965375327582513	0.4741692411557512
1.0140972	0.1086420068937552	0.3518743926099299	0.1259346523013232	0.6941224855802517	0.4818824007257236
1.0130974	0.1083789033879917	0.3526190565666415	0.1243523123119814	0.692624016456597	0.481683696127141
1.0120976	0.1076990048335766	0.3486171166493668	0.1281356378075254	0.6938018042878996	0.4781973482009927
1.0110978	0.1078099271096943	0.3540400438568198	0.1230919610817281	0.6902727354992751	0.4827470068119244
1.010098	0.1079502407300778	0.3532726302732335	0.1231707413523029	0.6902266463829571	0.4811607514114564
1.0090982	0.1081449604534221	0.3536812488065771	0.1213726462946102	0.68886664020996	0.4808563977766574
1.0080984	0.1058001795397765	0.3472542369572561	0.1288294154775664	0.6901497522935	0.4767995370848517
1.0070986	0.107307475767987	0.3535271307357535	0.1218835822293322	0.6878552959993477	0.4826919851015367
1.0060988	0.1061369858520757	0.3455647991274375	0.1276808732072377	0.6881472408846478	0.4726287847201817
1.005099	0.1031616123252791	0.3364990950842807	0.1369245867762357	0.6916962467049647	0.4646875312027379
1.0040992	0.1036554980255879	0.3388015854708381	0.1347004874536638	0.6893661483599171	0.4685970664948203
1.0030994	0.1044214512993617	0.344013239272593	0.1284312921544025	0.6864739607598069	0.4712817640451785
1.0020996	0.1060536710259516	0.351905071478526	0.120285121399103	0.6824392055710713	0.4780621751125641
1.0010998	0.1037616618057169	0.3404348828603719	0.1307972391762268	0.6847419100133474	0.4680441556588389
1.0001	0.09984215165388216	0.3284981123973116	0.1434922666135529	0.6894505945488656	0.4574095706162248
