2.00000000001	1	1	-0	0.7500000000000001	0.7500000000000001
2.00000000001	0.6249999999981251	0.4374999999971874	0.187499999998125	0.09374999999859374	-0.04687499999929688
2.0000000001	1	1	-0	0.7500000000000001	0.7500000000000001
2.0000000001	0.6249999999812502	0.4374999999718751	0.18749999998125	0.09374999998593748	-0.04687499999296874
2.000000001	1	1	-0	0.7500000000000001	0.7500000000000001
2.000000001	0.6249999998124999	0.4374999997187499	0.1874999998125	0.09374999985937496	-0.04687499992968748
2.00000001	1	1	-0	0.7500000000000001	0.7500000000000001
2.00000001	0.6249999981250001	0.4374999971874999	0.187499998125	0.09374999859375002	-0.046874999296875
2.0000001	1	1	-0	0.7500000000000001	0.7500000000000001
2.0000001	0.6249999812500001	0.4374999718750019	0.1874999812500014	0.09374998593750145	-0.04687499296875072
2.000001	1	1	-0	0.7500000000000001	0.7500000000000001
2.000001	0.6249998124999999	0.4374997187501874	0.1874998125001406	0.09374985937514059	-0.0468749296875703
2.00001	1	1	-0	0.7500000000000001	0.7500000000000001
2.00001	0.6249981250000001	0.4374971875187498	0.1874981250140624	0.09374859376406236	-0.04687429688203118
2.0001	1	1	-0	0.7500000000000001	0.7500000000000001
2.0001	0.6249812500000625	0.4374718768748749	0.1874812514061562	0.0937359389061328	-0.0468679694530664
2.001	1	1	-0	0.7500000000000001	0.7500000000000001
2.001	0.6248125000624298	0.4372189373750822	0.1873126405313086	0.09360951550790035	-0.04680475775395019
2.0010998	1	1	-0	0.7500000000000001	0.7500000000000001
2.0010998	0.6247937875830394	0.4371909078763432	0.1872939574697531	0.0935955105636176	-0.0467977552818088
2.0020996	1	1	-0	0.7500000000000001	0.7500000000000001
2.0020996	0.6246063255771179	0.4369103129046583	0.187106944053437	0.0934553625870746	-0.04672768129353728
2.0030994	1	1	-0	0.7500000000000001	0.7500000000000001
2.0030994	0.6244188643543851	0.4366300912134092	0.1869202105972878	0.09331549427716257	-0.04665774713858128
2.0040992	1	1	-0	0.7500000000000001	0.7500000000000001
2.0040992	0.6242314042852561	0.4363502420581382	0.1867337565427815	0.09317590493663264	-0.04658795246831632
2.005099	1	1	-0	0.7500000000000001	0.7500000000000001
2.005099	0.6240439457384822	0.4360707646963355	0.1865475813327862	0.09303659387032075	-0.04651829693516037
2.0060988	1	1	-0	0.7500000000000001	0.7500000000000001
2.0060988	0.623856489081157	0.4357916583874328	0.1863616844115582	0.09289756038514062	-0.04644878019257032
2.0070986	1	1	-0	0.7500000000000001	0.7500000000000001
2.0070986	0.6236690346787233	0.4355129223927971	0.1861760652247375	0.09275880379007664	-0.04637940189503832
2.0080984	1	1	-0	0.7500000000000001	0.7500000000000001
2.0080984	0.6234815828949793	0.4352345559757244	0.1859907232193437	0.09262032339617611	-0.04631016169808806
2.0090982	1	1	-0	0.7500000000000001	0.7500000000000001
2.0090982	0.623294134092087	0.4349565584014335	0.1858056578437721	0.09248211851654245	-0.04624105925827122
2.010098	1	1	-0	0.7500000000000001	0.7500000000000001
2.010098	0.6231066886305778	0.4346789289370599	0.1856208685477894	0.09234418846632821	-0.0461720942331641
2.0110978	1	1	-0	0.7500000000000001	0.7500000000000001
2.0110978	0.6229192468693601	0.4344016668516501	0.1854363547825298	0.09220653256272758	-0.04610326628136378
2.0120976	1	1	-0	0.7500000000000001	0.7500000000000001
2.0120976	0.6227318091657246	0.4341247714161547	0.1852521160004905	0.09206915012496933	-0.04603457506248466
2.0130974	1	1	-0	0.7500000000000001	0.7500000000000001
2.0130974	0.6225443758753527	0.4338482419034232	0.1850681516555283	0.09193204047431006	-0.04596602023715504
2.0140972	1	1	-0	0.7500000000000001	0.7500000000000001
2.0140972	0.6223569473523223	0.4335720775881967	0.184884461202855	0.09179520293402672	-0.04589760146701335
2.015097	1	1	-0	0.7500000000000001	0.7500000000000001
2.015097	0.6221695239491143	0.433296277747104	0.1847010440990337	0.09165863682941007	-0.04582931841470504
2.0160968	1	1	-0	0.7500000000000001	0.7500000000000001
2.0160968	0.6219821060166197	0.4330208416586527	0.1845178998019744	0.09152234148775711	-0.04576117074387856
2.0170966	1	1	-0	0.7500000000000001	0.7500000000000001
2.0170966	0.6217946939041455	0.4327457686032258	0.1843350277709304	0.0913863162383648	-0.0456931581191824
2.0180964	1	1	-0	0.7500000000000001	0.7500000000000001
2.0180964	0.6216072879594228	0.4324710578630747	0.1841524274664942	0.0912505604125225	-0.04562528020626125
2.0190962	1	1	-0	0.7500000000000001	0.7500000000000001
2.0190962	0.6214198885286111	0.4321967087223131	0.1839700983505933	0.09111507334350553	-0.04555753667175277
2.020096	1	1	-0	0.7500000000000001	0.7500000000000001
2.020096	0.6212324959563066	0.4319227204669106	0.1837880398864865	0.090979854366568	-0.04548992718328401
2.0210958	1	1	-0	0.7500000000000001	0.7500000000000001
2.0210958	0.621045110585548	0.431649092384689	0.1836062515387601	0.09084490281893616	-0.04542245140946808
2.0220956	1	1	-0	0.7500000000000001	0.7500000000000001
2.0220956	0.6208577327578226	0.4313758237653132	0.183424732773323	0.09071021803980138	-0.0453551090199007
2.0230954	1	1	-0	0.7500000000000001	0.7500000000000001
2.0230954	0.6206703628130739	0.4311029139002885	0.1832434830574044	0.09057579937031365	-0.04528789968515683
2.0240952	1	1	-0	0.7500000000000001	0.7500000000000001
2.0240952	0.6204830010897062	0.4308303620829521	0.1830625018595482	0.09044164615357431	-0.04522082307678716
2.025095	1	1	-0	0.7500000000000001	0.7500000000000001
2.025095	0.6202956479245925	0.4305581676084697	0.1828817886496105	0.09030775773463	-0.045153878867315
2.0260948	1	1	-0	0.7500000000000001	0.7500000000000001
2.0260948	0.6201083036530803	0.4302863297738272	0.1827013428987546	0.09017413346046523	-0.04508706673023261
2.0270946	1	1	-0	0.7500000000000001	0.7500000000000001
2.0270946	0.6199209686089979	0.4300148478778275	0.1825211640794481	0.09004077267999636	-0.04502038633999818
2.0280944	1	1	-0	0.7500000000000001	0.7500000000000001
2.0280944	0.6197336431246606	0.4297437212210827	0.1823412516654581	0.08990767474406426	-0.04495383737203212
2.0290942	1	1	-0	0.7500000000000001	0.7500000000000001
2.0290942	0.6195463275308767	0.4294729491060095	0.1821616051318485	0.08977483900542838	-0.04488741950271418
2.030094	1	1	-0	0.7500000000000001	0.7500000000000001
2.030094	0.6193590221569547	0.4292025308368232	0.1819822239549746	0.08964226481875943	-0.04482113240937972
2.0310938	1	1	-0	0.7500000000000001	0.7500000000000001
2.0310938	0.6191717273307082	0.4289324657195321	0.1818031076124811	0.08950995154063349	-0.04475497577031674
2.0320936	1	1	-0	0.7500000000000001	0.7500000000000001
2.0320936	0.6189844433784635	0.4286627530619313	0.1816242555832967	0.08937789852952478	-0.04468894926476239
2.0330934	1	1	-0	0.7500000000000001	0.7500000000000001
2.0330934	0.618797170625064	0.4283933921735983	0.1814456673476315	0.08924610514579978	-0.04462305257289989
2.0340932	1	1	-0	0.7500000000000001	0.7500000000000001
2.0340932	0.6186099093938778	0.4281243823658857	0.1812673423869725	0.08911457075171011	-0.04455728537585506
2.035093	1	1	-0	0.7500000000000001	0.7500000000000001
2.035093	0.6184226600068041	0.4278557229519176	0.1810892801840799	0.08898329471138665	-0.04449164735569332
2.0360928	1	1	-0	0.7500000000000001	0.7500000000000001
2.0360928	0.6182354227842763	0.4275874132465814	0.1809114802229839	0.08885227639083244	-0.04442613819541621
2.0370926	1	1	-0	0.7500000000000001	0.7500000000000001
2.0370926	0.6180481980452728	0.4273194525665256	0.1807339419889802	0.08872151515791683	-0.04436075757895842
2.0380924	1	1	-0	0.7500000000000001	0.7500000000000001
2.0380924	0.6178609861073181	0.4270518402301509	0.180556664968627	0.08859101038236883	-0.04429550519118441
2.0390922	1	1	-0	0.7500000000000001	0.7500000000000001
2.0390922	0.6176737872864925	0.426784575557607	0.1803796486497406	0.08846076143577061	-0.04423038071788531
2.040092	1	1	-0	0.7500000000000001	0.7500000000000001
2.040092	0.6174866018974358	0.4265176578707862	0.1802028925213922	0.08833076769155129	-0.04416538384577563
2.0410918	1	1	-0	0.7500000000000001	0.7500000000000001
2.0410918	0.6172994302533549	0.4262510864933183	0.1800263960739041	0.08820102852498068	-0.04410051426249034
2.0420916	1	1	-0	0.7500000000000001	0.7500000000000001
2.0420916	0.6171122726660282	0.4259848607505644	0.1798501587988459	0.08807154331316276	-0.04403577165658139
2.0430914	1	1	-0	0.7500000000000001	0.7500000000000001
2.0430914	0.6169251294458122	0.4257189799696124	0.1796741801890308	0.08794231143502972	-0.04397115571751486
2.0440912	1	1	-0	0.7500000000000001	0.7500000000000001
2.0440912	0.616738000901648	0.4254534434792708	0.1794984597385123	0.08781333227133521	-0.04390666613566761
2.045091	1	1	-0	0.7500000000000001	0.7500000000000001
2.045091	0.616550887341065	0.4251882506100643	0.1793229969425802	0.0876846052046487	-0.04384230260232435
2.0460908	1	1	-0	0.7500000000000001	0.7500000000000001
2.0460908	0.6163637890701903	0.4249234006942271	0.1791477912977572	0.08755612961934886	-0.04377806480967443
2.0470906	1	1	-0	0.7500000000000001	0.7500000000000001
2.0470906	0.6161767063937507	0.4246588930656987	0.178972842301795	0.08742790490161749	-0.04371395245080873
2.0480904	1	1	-0	0.7500000000000001	0.7500000000000001
2.0480904	0.6159896396150801	0.4243947270601178	0.178798149453671	0.08729993043943325	-0.04364996521971663
2.0490902	1	1	-0	0.7500000000000001	0.7500000000000001
2.0490902	0.6158025890361262	0.4241309020148176	0.1786237122535847	0.0871722056225659	-0.04358610281128296
2.05009	1	1	-0	0.7500000000000001	0.7500000000000001
2.05009	0.6156155549574546	0.4238674172688203	0.178449530202954	0.08704472984256981	-0.0435223649212849
2.0510898	1	1	-0	0.7500000000000001	0.7500000000000001
2.0510898	0.6154285376782552	0.4236042721628316	0.1782756028044114	0.08691750249277795	-0.04345875124638898
2.0520896	1	1	-0	0.7500000000000001	0.7500000000000001
2.0520896	0.6152415374963478	0.423341466039235	0.178101929561801	0.08679052296829584	-0.04339526148414792
2.0530894	1	1	-0	0.7500000000000001	0.7500000000000001
2.0530894	0.6150545547081878	0.4230789982420881	0.1779285099801747	0.08666379066599571	-0.04333189533299785
2.0540892	1	1	-0	0.7500000000000001	0.7500000000000001
2.0540892	0.6148675896088716	0.4228168681171161	0.1777553435657886	0.08653730498451023	-0.04326865249225512
2.055089	1	1	-0	0.7500000000000001	0.7500000000000001
2.055089	0.6146806424921423	0.4225550750117065	0.1775824298260994	0.08641106532422653	-0.04320553266211326
2.0560888	1	1	-0	0.7500000000000001	0.7500000000000001
2.0560888	0.6144937136503953	0.4222936182749049	0.1774097682697612	0.08628507108728048	-0.04314253554364024
2.0570886	1	1	-0	0.7500000000000001	0.7500000000000001
2.0570886	0.614306803374684	0.4220324972574093	0.1772373584066217	0.08615932167755032	-0.04307966083877515
2.0580884	1	1	-0	0.7500000000000001	0.7500000000000001
2.0580884	0.6141199119547252	0.4217717113115644	0.177065199747719	0.0860338165006513	-0.04301690825032564
2.0590882	1	1	-0	0.7500000000000001	0.7500000000000001
2.0590882	0.6139330396789037	0.4215112597913576	0.176893291805278	0.08590855496392918	-0.04295427748196459
2.060088	1	1	-0	0.7500000000000001	0.7500000000000001
2.060088	0.6137461868342798	0.4212511420524129	0.1767216340927069	0.08578353647645484	-0.04289176823822743
2.0610878	1	1	-0	0.7500000000000001	0.7500000000000001
2.0610878	0.6135593537065922	0.4209913574519867	0.1765502261245937	0.0856587604490181	-0.04282938022450905
2.0620876	1	1	-0	0.7500000000000001	0.7500000000000001
2.0620876	0.6133725405802657	0.4207319053489622	0.1763790674167031	0.08553422629412209	-0.04276711314706104
2.0630874	1	1	-0	0.7500000000000001	0.7500000000000001
2.0630874	0.6131857477384153	0.420472785103844	0.1762081574859726	0.08540993342597732	-0.04270496671298864
2.0640872	1	1	-0	0.7500000000000001	0.7500000000000001
2.0640872	0.6129989754628522	0.420213996078754	0.1760374958505097	0.08528588126049599	-0.04264294063024801
2.065087	1	1	-0	0.7500000000000001	0.7500000000000001
2.065087	0.6128122240340883	0.4199555376374255	0.1758670820295876	0.0851620692152861	-0.04258103460764305
2.0660868	1	1	-0	0.7500000000000001	0.7500000000000001
2.0660868	0.6126254937313427	0.4196974091451992	0.1756969155436428	0.08503849670964589	-0.04251924835482294
2.0670866	1	1	-0	0.7500000000000001	0.7500000000000001
2.0670866	0.6124387848325457	0.4194396099690166	0.1755269959142712	0.08491516316455788	-0.04245758158227893
2.0680864	1	1	-0	0.7500000000000001	0.7500000000000001
2.0680864	0.6122520976143454	0.4191821394774173	0.1753573226642248	0.08479206800268345	-0.04239603400134172
2.0690862	1	1	-0	0.7500000000000001	0.7500000000000001
2.0690862	0.6120654323521121	0.4189249970405318	0.1751878953174082	0.08466921064835686	-0.04233460532417843
2.070086	1	1	-0	0.7500000000000001	0.7500000000000001
2.070086	0.6118787893199441	0.4186681820300787	0.1750187133988759	0.08454659052757996	-0.04227329526378998
2.0710858	1	1	-0	0.7500000000000001	0.7500000000000001
2.0710858	0.6116921687906716	0.4184116938193571	0.1748497764348278	0.08442420706801611	-0.04221210353400805
2.0720856	1	1	-0	0.7500000000000001	0.7500000000000001
2.0720856	0.6115055710358639	0.4181555317832452	0.1746810839526073	0.08430205969898508	-0.04215102984949254
2.0730854	1	1	-0	0.7500000000000001	0.7500000000000001
2.0730854	0.6113189963258329	0.4178996952981924	0.1745126354806967	0.08418014785145692	-0.04209007392572845
2.0740852	1	1	-0	0.7500000000000001	0.7500000000000001
2.0740852	0.6111324449296396	0.4176441837422157	0.174344430548715	0.08405847095804697	-0.04202923547902349
2.075085	1	1	-0	0.7500000000000001	0.7500000000000001
2.075085	0.6109459171150973	0.4173889964948949	0.1741764686874137	0.08393702845300971	-0.04196851422650485
2.0760848	1	1	-0	0.7500000000000001	0.7500000000000001
2.0760848	0.6107594131487795	0.4171341329373681	0.1740087494286741	0.08381581977223383	-0.04190790988611691
2.0770846	1	1	-0	0.7500000000000001	0.7500000000000001
2.0770846	0.6105729332960221	0.4168795924523259	0.1738412723055038	0.08369484435323618	-0.04184742217661809
2.0780844	1	1	-0	0.7500000000000001	0.7500000000000001
2.0780844	0.6103864778209306	0.4166253744240077	0.1736740368520338	0.08357410163515677	-0.04178705081757838
2.0790842	1	1	-0	0.7500000000000001	0.7500000000000001
2.0790842	0.6102000469863833	0.4163714782381956	0.1735070426035144	0.0834535910587529	-0.04172679552937645
2.080084	1	1	-0	0.7500000000000001	0.7500000000000001
2.080084	0.6100136410540389	0.4161179032822114	0.1733402890963132	0.08333331206639404	-0.04166665603319702
2.0810838	1	1	-0	0.7500000000000001	0.7500000000000001
2.0810838	0.609827260284338	0.4158646489449105	0.1731737758679107	0.08321326410205616	-0.04160663205102809
2.0820836	1	1	-0	0.7500000000000001	0.7500000000000001
2.0820836	0.6096409049365115	0.4156117146166779	0.1730075024568979	0.08309344661131661	-0.0415467233056583
2.0830834	1	1	-0	0.7500000000000001	0.7500000000000001
2.0830834	0.6094545752685833	0.4153590996894229	0.1728414684029729	0.08297385904134844	-0.04148692952067421
2.0840832	1	1	-0	0.7500000000000001	0.7500000000000001
2.0840832	0.6092682715373761	0.4151068035565751	0.1726756732469374	0.08285450084091528	-0.04142725042045765
2.085083	1	1	-0	0.7500000000000001	0.7500000000000001
2.085083	0.6090819939985161	0.4148548256130792	0.1725101165306938	0.08273537146036578	-0.04136768573018287
2.0860828	1	1	-0	0.7500000000000001	0.7500000000000001
2.0860828	0.6088957429064388	0.4146031652553908	0.1723447977972423	0.08261647035162857	-0.04130823517581429
2.0870826	1	1	-0	0.7500000000000001	0.7500000000000001
2.0870826	0.6087095185143913	0.4143518218814714	0.1721797165906771	0.08249779696820678	-0.04124889848410339
2.0880824	1	1	-0	0.7500000000000001	0.7500000000000001
2.0880824	0.6085233210744404	0.4141007948907838	0.1720148724561837	0.08237935076517272	-0.04118967538258635
2.0890822	1	1	-0	0.7500000000000001	0.7500000000000001
2.0890822	0.6083371508374757	0.4138500836842884	0.1718502649400359	0.08226113119916294	-0.04113056559958147
2.090082	1	1	-0	0.7500000000000001	0.7500000000000001
2.090082	0.6081510080532138	0.4135996876644368	0.1716858935895922	0.08214313772837245	-0.04107156886418623
2.0910818	1	1	-0	0.7500000000000001	0.7500000000000001
2.0910818	0.6079648929702045	0.413349606235169	0.1715217579532927	0.08202536981255001	-0.04101268490627501
2.0920816	1	1	-0	0.7500000000000001	0.7500000000000001
2.0920816	0.6077788058358355	0.413099838801908	0.1713578575806569	0.08190782691299274	-0.04095391345649636
2.0930814	1	1	-0	0.7500000000000001	0.7500000000000001
2.0930814	0.6075927468963355	0.4128503847715557	0.1711941920222796	0.08179050849254096	-0.04089525424627048
2.0940812	1	1	-0	0.7500000000000001	0.7500000000000001
2.0940812	0.6074067163967806	0.4126012435524875	0.1710307608298278	0.08167341401557299	-0.0408367070077865
2.095081	1	1	-0	0.7500000000000001	0.7500000000000001
2.095081	0.6072207145810983	0.4123524145545489	0.1708675635560387	0.08155654294799995	-0.04077827147399998
2.0960808	1	1	-0	0.7500000000000001	0.7500000000000001
2.0960808	0.6070347416920726	0.4121038971890509	0.1707045997547153	0.08143989475726093	-0.04071994737863047
2.0970806	1	1	-0	0.7500000000000001	0.7500000000000001
2.0970806	0.6068487979713483	0.4118556908687644	0.1705418689807246	0.08132346891231773	-0.04066173445615886
2.0980804	1	1	-0	0.7500000000000001	0.7500000000000001
2.0980804	0.6066628836594355	0.4116077950079171	0.1703793707899933	0.0812072648836495	-0.04060363244182474
2.0990802	1	1	-0	0.7500000000000001	0.7500000000000001
2.0990802	0.6064769989957151	0.4113602090221886	0.1702171047395059	0.08109128214324823	-0.04054564107162412
2.10008	1	1	-0	0.7500000000000001	0.7500000000000001
2.10008	0.6062911442184417	0.4111129323287051	0.170055070387301	0.08097552016461323	-0.04048776008230662
2.1010798	1	1	-0	0.7500000000000001	0.7500000000000001
2.1010798	0.6061053195647507	0.4108659643460372	0.1698932672924685	0.08085997842274649	-0.04042998921137324
2.1020796	1	1	-0	0.7500000000000001	0.7500000000000001
2.1020796	0.6059195252706595	0.4106193044941928	0.1697316950151466	0.08074465639414727	-0.04037232819707364
2.1030794	1	1	-0	0.7500000000000001	0.7500000000000001
2.1030794	0.6057337615710759	0.4103729521946148	0.1695703531165187	0.08062955355680759	-0.0403147767784038
2.1040792	1	1	-0	0.7500000000000001	0.7500000000000001
2.1040792	0.6055480286998001	0.4101269068701757	0.1694092411588108	0.08051466939020684	-0.04025733469510342
2.105079	1	1	-0	0.7500000000000001	0.7500000000000001
2.105079	0.6053623268895287	0.4098811679451738	0.1692483587052881	0.08040000337530709	-0.04020000168765354
2.1060788	1	1	-0	0.7500000000000001	0.7500000000000001
2.1060788	0.6051766563718624	0.4096357348453285	0.169087705320252	0.08028555499454812	-0.04014277749727405
2.1070786	1	1	-0	0.7500000000000001	0.7500000000000001
2.1070786	0.6049910173773064	0.4093906069977764	0.1689272805690375	0.08017132373184253	-0.04008566186592127
2.1080784	1	1	-0	0.7500000000000001	0.7500000000000001
2.1080784	0.6048054101352774	0.4091457838310662	0.1687670840180102	0.08005730907257064	-0.04002865453628532
2.1090782	1	1	-0	0.7500000000000001	0.7500000000000001
2.1090782	0.6046198348741089	0.4089012647751558	0.1686071152345632	0.079943510503576	-0.039971755251788
2.110078	1	1	-0	0.7500000000000001	0.7500000000000001
2.110078	0.6044342918210519	0.4086570492614062	0.168447373787114	0.07982992751316018	-0.03991496375658009
2.1110778	1	1	-0	0.7500000000000001	0.7500000000000001
2.1110778	0.6042487812022831	0.4084131367225791	0.1682878592451023	0.07971655959107825	-0.03985827979553914
2.1120776	1	1	-0	0.7500000000000001	0.7500000000000001
2.1120776	0.6040633032429071	0.4081695265928316	0.1681285711789863	0.07960340622853361	-0.03980170311426681
2.1130774	1	1	-0	0.7500000000000001	0.7500000000000001
2.1130774	0.6038778581669622	0.4079262183077125	0.1679695091602403	0.07949046691817363	-0.03974523345908682
2.1140772	1	1	-0	0.7500000000000001	0.7500000000000001
2.1140772	0.6036924461974226	0.4076832113041572	0.1678106727613515	0.07937774115408439	-0.0396888705770422
2.115077	1	1	-0	0.7500000000000001	0.7500000000000001
2.115077	0.6035070675562056	0.4074405050204846	0.1676520615558175	0.07926522843178639	-0.0396326142158932
2.1160768	1	1	-0	0.7500000000000001	0.7500000000000001
2.1160768	0.6033217224641734	0.4071980988963925	0.167493675118143	0.07915292824822943	-0.03957646412411472
2.1170766	1	1	-0	0.7500000000000001	0.7500000000000001
2.1170766	0.6031364111411385	0.4069559923729534	0.1673355130238374	0.07904084010178819	-0.0395204200508941
2.1180764	1	1	-0	0.7500000000000001	0.7500000000000001
2.1180764	0.6029511338058678	0.4067141848926102	0.1671775748494115	0.0789289634922572	-0.0394644817461286
2.1190762	1	1	-0	0.7500000000000001	0.7500000000000001
2.1190762	0.6027658906760879	0.4064726758991726	0.1670198601723753	0.07881729792084649	-0.03940864896042325
2.120076	1	1	-0	0.7500000000000001	0.7500000000000001
2.120076	0.6025806819684866	0.4062314648378121	0.1668623685712341	0.07870584289017662	-0.03935292144508831
2.1210758	1	1	-0	0.7500000000000001	0.7500000000000001
2.1210758	0.6023955078987202	0.4059905511550591	0.166705099625487	0.07859459790427437	-0.03929729895213718
2.1220756	1	1	-0	0.7500000000000001	0.7500000000000001
2.1220756	0.6022103686814153	0.4057499342987979	0.1665480529156231	0.07848356246856765	-0.03924178123428382
2.1230754	1	1	-0	0.7500000000000001	0.7500000000000001
2.1230754	0.6020252645301752	0.4055096137182628	0.1663912280231193	0.07837273608988138	-0.03918636804494069
2.1240752	1	1	-0	0.7500000000000001	0.7500000000000001
2.1240752	0.6018401956575821	0.4052695888640342	0.1662346245304369	0.07826211827643241	-0.03913105913821621
2.125075	1	1	-0	0.7500000000000001	0.7500000000000001
2.125075	0.6016551622752017	0.4050298591880348	0.1660782420210194	0.07815170853782545	-0.03907585426891272
2.1260748	1	1	-0	0.7500000000000001	0.7500000000000001
2.1260748	0.6014701645935883	0.4047904241435248	0.1659220800792895	0.07804150638504793	-0.03902075319252396
2.1270746	1	1	-0	0.7500000000000001	0.7500000000000001
2.1270746	0.6012852028222885	0.404551283185099	0.1657661382906465	0.07793151133046605	-0.03896575566523303
2.1280744	1	1	-0	0.7500000000000001	0.7500000000000001
2.1280744	0.6011002771698439	0.4043124357686815	0.165610416241463	0.07782172288781963	-0.03891086144390982
2.1290742	1	1	-0	0.7500000000000001	0.7500000000000001
2.1290742	0.6009153878437975	0.404073881351523	0.165454913519083	0.07771214057221822	-0.03885607028610911
2.130074	1	1	-0	0.7500000000000001	0.7500000000000001
2.130074	0.6007305350506956	0.4038356193921959	0.1652996297118184	0.07760276390013605	-0.03880138195006803
2.1310738	1	1	-0	0.7500000000000001	0.7500000000000001
2.1310738	0.6005457189960937	0.4035976493505909	0.1651445644089467	0.07749359238940795	-0.03874679619470397
2.1320736	1	1	-0	0.7500000000000001	0.7500000000000001
2.1320736	0.6003609398845591	0.4033599706879125	0.1649897172007083	0.07738462555922475	-0.03869231277961237
2.1330734	1	1	-0	0.7500000000000001	0.7500000000000001
2.1330734	0.6001761979196757	0.4031225828666761	0.1648350876783035	0.07727586293012866	-0.03863793146506435
2.1340732	1	1	-0	0.7500000000000001	0.7500000000000001
2.1340732	0.5999914933040471	0.4028854853507025	0.16468067543389	0.07716730402400911	-0.03858365201200455
2.135073	1	1	-0	0.7500000000000001	0.7500000000000001
2.135073	0.5998068262393025	0.4026486776051155	0.1645264800605803	0.07705894836409823	-0.03852947418204911
2.1360728	1	1	-0	0.7500000000000001	0.7500000000000001
2.1360728	0.599622196926098	0.4024121590963375	0.1643725011524388	0.07695079547496642	-0.03847539773748321
2.1370726	1	1	-0	0.7500000000000001	0.7500000000000001
2.1370726	0.5994376055641228	0.4021759292920853	0.1642187383044794	0.07684284488251798	-0.03842142244125901
2.1380724	1	1	-0	0.7500000000000001	0.7500000000000001
2.1380724	0.5992530523521017	0.4019399876613665	0.1640651911126624	0.07673509611398675	-0.0383675480569934
2.1390722	1	1	-0	0.7500000000000001	0.7500000000000001
2.1390722	0.5990685374877998	0.4017043336744756	0.1639118591738922	0.07662754869793183	-0.03831377434896591
2.140072	1	1	-0	0.7500000000000001	0.7500000000000001
2.140072	0.5988840611680263	0.4014689668029907	0.1637587420860148	0.07652020216423318	-0.03826010108211658
2.1410718	1	1	-0	0.7500000000000001	0.7500000000000001
2.1410718	0.5986996235886377	0.4012338865197684	0.1636058394478148	0.07641305604408725	-0.03820652802204362
2.1420716	1	1	-0	0.7500000000000001	0.7500000000000001
2.1420716	0.5985152249445427	0.4009990922989418	0.1634531508590126	0.07630610987000276	-0.03815305493500137
2.1430714	1	1	-0	0.7500000000000001	0.7500000000000001
2.1430714	0.5983308654297049	0.4007645836159144	0.1633006759202627	0.07619936317579648	-0.03809968158789824
2.1440712	1	1	-0	0.7500000000000001	0.7500000000000001
2.1440712	0.5981465452371484	0.4005303599473592	0.1631484142331499	0.07609281549658889	-0.03804640774829442
2.145071	1	1	-0	0.7500000000000001	0.7500000000000001
2.145071	0.5979622645589586	0.4002964207712124	0.1629963654001877	0.07598646636879976	-0.03799323318439988
2.1460708	1	1	-0	0.7500000000000001	0.7500000000000001
2.1460708	0.5977780235862894	0.4000627655666703	0.1628445290248148	0.07588031533014419	-0.0379401576650721
2.1470706	1	1	-0	0.7500000000000001	0.7500000000000001
2.1470706	0.5975938225093645	0.3998293938141867	0.1626929047113936	0.07577436191962833	-0.03788718095981417
2.1480704	1	1	-0	0.7500000000000001	0.7500000000000001
2.1480704	0.5974096615174831	0.3995963049954684	0.1625414920652065	0.07566860567754506	-0.03783430283877253
2.1490702	1	1	-0	0.7500000000000001	0.7500000000000001
2.1490702	0.5972255407990213	0.3993634985934705	0.1623902906924541	0.07556304614546985	-0.03778152307273493
2.15007	1	1	-0	0.7500000000000001	0.7500000000000001
2.15007	0.5970414605414381	0.3991309740923946	0.1622393002002525	0.07545768286625669	-0.03772884143312835
2.1510698	1	1	-0	0.7500000000000001	0.7500000000000001
2.1510698	0.5968574209312777	0.3988987309776837	0.1620885201966302	0.07535251538403365	-0.03767625769201682
2.1520696	1	1	-0	0.7500000000000001	0.7500000000000001
2.1520696	0.5966734221541742	0.3986667687360195	0.1619379502905265	0.07524754324419922	-0.0376237716220996
2.1530694	1	1	-0	0.7500000000000001	0.7500000000000001
2.1530694	0.5964894643948537	0.3984350868553169	0.161787590091788	0.07514276599341758	-0.03757138299670879
2.1540692	1	1	-0	0.7500000000000001	0.7500000000000001
2.1540692	0.5963055478371404	0.3982036848247237	0.1616374392111669	0.07503818317961509	-0.03751909158980755
2.155069	1	1	-0	0.7500000000000001	0.7500000000000001
2.155069	0.5961216726639574	0.3979725621346131	0.1614874972603179	0.07493379435197565	-0.03746689717598784
2.1560688	1	1	-0	0.7500000000000001	0.7500000000000001
2.1560688	0.5959378390573339	0.3977417182765831	0.1613377638517959	0.07482959906093717	-0.03741479953046859
2.1570686	1	1	-0	0.7500000000000001	0.7500000000000001
2.1570686	0.5957540471984039	0.3975111527434511	0.1611882385990536	0.0747255968581869	-0.03736279842909346
2.1580684	1	1	-0	0.7500000000000001	0.7500000000000001
2.1580684	0.5955702972674151	0.3972808650292514	0.1610389211164389	0.07462178729665793	-0.03731089364832897
2.1590682	1	1	-0	0.7500000000000001	0.7500000000000001
2.1590682	0.5953865894437286	0.3970508546292305	0.1608898110191922	0.07451816993052476	-0.03725908496526238
2.160068	1	1	-0	0.7500000000000001	0.7500000000000001
2.160068	0.5952029239058247	0.3968211210398452	0.1607409079234445	0.07441474431519958	-0.03720737215759979
2.1610678	1	1	-0	0.7500000000000001	0.7500000000000001
2.1610678	0.5950193008313056	0.3965916637587566	0.1605922114462141	0.07431151000732791	-0.03715575500366396
2.1620676	1	1	-0	0.7500000000000001	0.7500000000000001
2.1620676	0.5948357203968985	0.3963624822848293	0.1604437212054051	0.07420846656478507	-0.03710423328239253
2.1630674	1	1	-0	0.7500000000000001	0.7500000000000001
2.1630674	0.5946521827784598	0.3961335761181254	0.160295436819804	0.07410561354667174	-0.03705280677333587
2.1640672	1	1	-0	0.7500000000000001	0.7500000000000001
2.1640672	0.5944686881509792	0.3959049447599035	0.1601473579090781	0.07400295051331038	-0.03700147525665518
2.165067	1	1	-0	0.7500000000000001	0.7500000000000001
2.165067	0.5942852366885814	0.3956765877126118	0.1599994840937723	0.07390047702624088	-0.03695023851312043
2.1660668	1	1	-0	0.7500000000000001	0.7500000000000001
2.1660668	0.5941018285645316	0.3954485044798887	0.1598518149953073	0.0737981926482172	-0.03689909632410859
2.1670666	1	1	-0	0.7500000000000001	0.7500000000000001
2.1670666	0.5939184639512377	0.3952206945665558	0.1597043502359767	0.07369609694320271	-0.03684804847160136
2.1680664	1	1	-0	0.7500000000000001	0.7500000000000001
2.1680664	0.5937351430202539	0.3949931574786162	0.1595570894389451	0.07359418947636708	-0.03679709473818355
2.1690662	1	1	-0	0.7500000000000001	0.7500000000000001
2.1690662	0.5935518659422843	0.3947658927232509	0.1594100322282448	0.07349246981408168	-0.03674623490704084
2.170066	1	1	-0	0.7500000000000001	0.7500000000000001
2.170066	0.5933686328871873	0.3945388998088153	0.1592631782287749	0.07339093752391625	-0.03669546876195812
2.1710658	1	1	-0	0.7500000000000001	0.7500000000000001
2.1710658	0.5931854440239769	0.3943121782448347	0.1591165270662969	0.07328959217463465	-0.03664479608731732
2.1720656	1	1	-0	0.7500000000000001	0.7500000000000001
2.1720656	0.5930022995208284	0.3940857275420025	0.1589700783674344	0.07318843333619134	-0.03659421666809567
2.1730654	1	1	-0	0.7500000000000001	0.7500000000000001
2.1730654	0.5928191995450797	0.3938595472121759	0.158823831759669	0.07308746057972715	-0.03654373028986357
2.1740652	1	1	-0	0.7500000000000001	0.7500000000000001
2.1740652	0.592636144263236	0.3936336367683725	0.1586777868713391	0.07298667347756593	-0.03649333673878297
2.175065	1	1	-0	0.7500000000000001	0.7500000000000001
2.175065	0.5924531338409736	0.3934079957247673	0.1585319433316371	0.07288607160321051	-0.03644303580160525
2.1760648	1	1	-0	0.7500000000000001	0.7500000000000001
2.1760648	0.5922701684431417	0.393182623596689	0.1583863007706066	0.0727856545313387	-0.03639282726566936
2.1770646	1	1	-0	0.7500000000000001	0.7500000000000001
2.1770646	0.5920872482337662	0.3929575199006163	0.158240858819141	0.07268542183779986	-0.03634271091889994
2.1780644	1	1	-0	0.7500000000000001	0.7500000000000001
2.1780644	0.5919043733760549	0.3927326841541754	0.1580956171089806	0.07258537309961108	-0.03629268654980555
2.1790642	1	1	-0	0.7500000000000001	0.7500000000000001
2.1790642	0.5917215440323971	0.3925081158761361	0.1579505752727099	0.07248550789495321	-0.0362427539474766
2.180064	1	1	-0	0.7500000000000001	0.7500000000000001
2.180064	0.5915387603643709	0.3922838145864087	0.1578057329437563	0.07238582580316735	-0.03619291290158368
2.1810638	1	1	-0	0.7500000000000001	0.7500000000000001
2.1810638	0.5913560225327436	0.3920597798060397	0.1576610897563867	0.07228632640475105	-0.03614316320237551
2.1820636	1	1	-0	0.7500000000000001	0.7500000000000001
2.1820636	0.591173330697476	0.3918360110572108	0.1575166453457059	0.07218700928135455	-0.03609350464067729
2.1830634	1	1	-0	0.7500000000000001	0.7500000000000001
2.1830634	0.5909906850177266	0.3916125078632329	0.1573723993476544	0.07208787401577728	-0.03604393700788863
2.1840632	1	1	-0	0.7500000000000001	0.7500000000000001
2.1840632	0.5908080856518528	0.3913892697485448	0.1572283513990052	0.07198892019196386	-0.03599446009598192
2.185063	1	1	-0	0.7500000000000001	0.7500000000000001
2.185063	0.5906255327574157	0.3911662962387087	0.1570845011373623	0.07189014739500064	-0.03594507369750032
2.1860628	1	1	-0	0.7500000000000001	0.7500000000000001
2.1860628	0.5904430264911825	0.3909435868604074	0.1569408482011584	0.07179155521111212	-0.03589577760555607
2.1870626	1	1	-0	0.7500000000000001	0.7500000000000001
2.1870626	0.5902605670091307	0.3907211411414416	0.1567973922296524	0.07169314322765724	-0.03584657161382862
2.1880624	1	1	-0	0.7500000000000001	0.7500000000000001
2.1880624	0.5900781544664496	0.3904989586107256	0.1566541328629271	0.07159491103312554	-0.03579745551656277
2.1890622	1	1	-0	0.7500000000000001	0.7500000000000001
2.1890622	0.5898957890175455	0.3902770387982844	0.156511069741887	0.07149685821713382	-0.0357484291085669
2.190062	1	1	-0	0.7500000000000001	0.7500000000000001
2.190062	0.5897134708160431	0.3900553812352515	0.1563682025082562	0.07139898437042247	-0.03569949218521122
2.1910618	1	1	-0	0.7500000000000001	0.7500000000000001
2.1910618	0.58953120001479	0.3898339854538642	0.1562255308045759	0.07130128908485188	-0.03565064454242593
2.1920616	1	1	-0	0.7500000000000001	0.7500000000000001
2.1920616	0.5893489767658582	0.3896128509874608	0.1560830542742024	0.07120377195339875	-0.03560188597669937
2.1930614	1	1	-0	0.7500000000000001	0.7500000000000001
2.1930614	0.5891668012205495	0.3893919773704786	0.1559407725613048	0.07110643257015276	-0.03555321628507638
2.1940612	1	1	-0	0.7500000000000001	0.7500000000000001
2.1940612	0.5889846735293968	0.3891713641384486	0.1557986853108626	0.07100927053031271	-0.03550463526515637
2.195061	1	1	-0	0.7500000000000001	0.7500000000000001
2.195061	0.5888025938421674	0.3889510108279947	0.1556567921686638	0.07091228543018339	-0.0354561427150917
2.1960608	1	1	-0	0.7500000000000001	0.7500000000000001
2.1960608	0.5886205623078666	0.3887309169768288	0.1555150927813023	0.07081547686717159	-0.03540773843358579
2.1970606	1	1	-0	0.7500000000000001	0.7500000000000001
2.1970606	0.5884385790747412	0.3885110821237479	0.1553735867961763	0.07071884443978302	-0.03535942221989151
2.1980604	1	1	-0	0.7500000000000001	0.7500000000000001
2.1980604	0.588256644290281	0.3882915058086319	0.1552322738614854	0.07062238774761848	-0.03531119387380924
2.1990602	1	1	-0	0.7500000000000001	0.7500000000000001
2.1990602	0.5880747581012234	0.3880721875724393	0.1550911536262289	0.07052610639137066	-0.03526305319568535
2.20006	1	1	-0	0.7500000000000001	0.7500000000000001
2.20006	0.5878929206535561	0.3878531269572053	0.1549502257402033	0.0704299999728204	-0.03521499998641019
2.2010598	1	1	-0	0.7500000000000001	0.7500000000000001
2.2010598	0.5877111320925186	0.3876343235060372	0.1548094898540005	0.07033406809483345	-0.03516703404741672
2.2020596	1	1	-0	0.7500000000000001	0.7500000000000001
2.2020596	0.5875293925626081	0.3874157767631132	0.1546689456190053	0.07023831036135683	-0.03511915518067842
2.2030594	1	1	-0	0.7500000000000001	0.7500000000000001
2.2030594	0.5873477022075795	0.3871974862736773	0.1545285926873935	0.07014272637741566	-0.03507136318870783
2.2040592	1	1	-0	0.7500000000000001	0.7500000000000001
2.2040592	0.5871660611704506	0.3869794515840377	0.1543884307121295	0.07004731574910938	-0.03502365787455469
2.205059	1	1	-0	0.7500000000000001	0.7500000000000001
2.205059	0.5869844695935035	0.3867616722415633	0.1542484593469642	0.06995207808360876	-0.03497603904180438
2.2060588	1	1	-0	0.7500000000000001	0.7500000000000001
2.2060588	0.5868029276182888	0.3865441477946804	0.1541086782464332	0.06985701298915203	-0.034928506494576
2.2070586	1	1	-0	0.7500000000000001	0.7500000000000001
2.2070586	0.5866214353856279	0.3863268777928699	0.1539690870658541	0.06976212007504201	-0.03488106003752101
2.2080584	1	1	-0	0.7500000000000001	0.7500000000000001
2.2080584	0.5864399930356161	0.3861098617866645	0.1538296854613248	0.06966739895164223	-0.03483369947582111
2.2090582	1	1	-0	0.7500000000000001	0.7500000000000001
2.2090582	0.5862586007076249	0.3858930993276447	0.1536904730897215	0.06957284923037403	-0.03478642461518703
2.210058	1	1	-0	0.7500000000000001	0.7500000000000001
2.210058	0.5860772585403062	0.3856765899684371	0.1535514496086958	0.06947847052371285	-0.03473923526185644
2.2110578	1	1	-0	0.7500000000000001	0.7500000000000001
2.2110578	0.5858959666715943	0.3854603332627106	0.1534126146766737	0.06938426244518517	-0.03469213122259258
2.2120576	1	1	-0	0.7500000000000001	0.7500000000000001
2.2120576	0.5857147252387083	0.385244328765174	0.1532739679528526	0.06929022460936488	-0.03464511230468244
2.2130574	1	1	-0	0.7500000000000001	0.7500000000000001
2.2130574	0.5855335343781566	0.3850285760315721	0.1531355090971998	0.06919635663187035	-0.03459817831593517
2.2140572	1	1	-0	0.7500000000000001	0.7500000000000001
2.2140572	0.585352394225738	0.3848130746186834	0.1529972377704497	0.06910265812936077	-0.03455132906468038
2.215057	1	1	-0	0.7500000000000001	0.7500000000000001
2.215057	0.5851713049165459	0.384597824084317	0.1528591536341029	0.06900912871953316	-0.03450456435976657
2.2160568	1	1	-0	0.7500000000000001	0.7500000000000001
2.2160568	0.5849902665849702	0.3843828239873102	0.1527212563504228	0.06891576802111878	-0.03445788401055939
2.2170566	1	1	-0	0.7500000000000001	0.7500000000000001
2.2170566	0.584809279364701	0.3841680738875242	0.1525835455824346	0.06882257565388027	-0.03441128782694012
2.2180564	1	1	-0	0.7500000000000001	0.7500000000000001
2.2180564	0.5846283433887302	0.3839535733458422	0.1524460209939223	0.06872955123860794	-0.03436477561930397
2.2190562	1	1	-0	0.7500000000000001	0.7500000000000001
2.2190562	0.5844474587893553	0.383739321924167	0.1523086822494276	0.06863669439711696	-0.03431834719855847
2.220056	1	1	-0	0.7500000000000001	0.7500000000000001
2.220056	0.5842666256981823	0.383525319185416	0.1521715290142472	0.06854400475224373	-0.03427200237612187
2.2210558	1	1	-0	0.7500000000000001	0.7500000000000001
2.2210558	0.5840858442461279	0.3833115646935214	0.1520345609544311	0.06845148192784309	-0.03422574096392154
2.2220556	1	1	-0	0.7500000000000001	0.7500000000000001
2.2220556	0.583905114563422	0.3830980580134237	0.15189777773678	0.06835912554878465	-0.03417956277439232
2.2230554	1	1	-0	0.7500000000000001	0.7500000000000001
2.2230554	0.5837244367796115	0.3828847987110726	0.1517611790288444	0.06826693524095009	-0.03413346762047505
2.2240552	1	1	-0	0.7500000000000001	0.7500000000000001
2.2240552	0.5835438110235627	0.3826717863534206	0.1516247644989211	0.06817491063122945	-0.03408745531561473
2.225055	1	1	-0	0.7500000000000001	0.7500000000000001
2.225055	0.5833632374234626	0.3824590205084226	0.1514885338160526	0.06808305134751842	-0.03404152567375921
2.2260548	1	1	-0	0.7500000000000001	0.7500000000000001
2.2260548	0.5831827161068247	0.3822465007450323	0.1513524866500242	0.06799135701871502	-0.0339956785093575
2.2270546	1	1	-0	0.7500000000000001	0.7500000000000001
2.2270546	0.583002247200488	0.3820342266331989	0.1512166226713622	0.06789982727471623	-0.03394991363735812
2.2280544	1	1	-0	0.7500000000000001	0.7500000000000001
2.2280544	0.5828218308306224	0.3818221977438647	0.151080941551332	0.06780846174641514	-0.03390423087320758
2.2290542	1	1	-0	0.7500000000000001	0.7500000000000001
2.2290542	0.5826414671227308	0.3816104136489625	0.150945442961936	0.06771726006569782	-0.03385863003284891
2.230054	1	1	-0	0.7500000000000001	0.7500000000000001
2.230054	0.5824611562016514	0.3813988739214124	0.1508101265759121	0.06762622186544005	-0.03381311093272004
2.2310538	1	1	-0	0.7500000000000001	0.7500000000000001
2.2310538	0.5822808981915597	0.3811875781351188	0.1506749920667307	0.06753534677950426	-0.03376767338975212
2.2320536	1	1	-0	0.7500000000000001	0.7500000000000001
2.2320536	0.5821006932159731	0.3809765258649685	0.1505400391085937	0.06744463444273641	-0.0337223172213682
2.2330534	1	1	-0	0.7500000000000001	0.7500000000000001
2.2330534	0.5819205413977517	0.3807657166868267	0.1504052673764323	0.06735408449096303	-0.03367704224548151
2.2340532	1	1	-0	0.7500000000000001	0.7500000000000001
2.2340532	0.5817404428591021	0.3805551501775352	0.1502706765459046	0.06726369656098816	-0.03363184828049407
2.235053	1	1	-0	0.7500000000000001	0.7500000000000001
2.235053	0.5815603977215787	0.3803448259149094	0.1501362662933941	0.06717347029059002	-0.03358673514529501
2.2360528	1	1	-0	0.7500000000000001	0.7500000000000001
2.2360528	0.5813804061060885	0.3801347434777353	0.1500020362960078	0.06708340531851832	-0.03354170265925917
2.2370526	1	1	-0	0.7500000000000001	0.7500000000000001
2.2370526	0.5812004681328913	0.3799249024457668	0.1498679862315737	0.0669935012844909	-0.03349675064224545
2.2380524	1	1	-0	0.7500000000000001	0.7500000000000001
2.2380524	0.5810205839216039	0.3797153023997234	0.1497341157786398	0.06690375782919104	-0.03345187891459552
2.2390522	1	1	-0	0.7500000000000001	0.7500000000000001
2.2390522	0.5808407535912019	0.3795059429212864	0.1496004246164711	0.06681417459426406	-0.03340708729713204
2.240052	1	1	-0	0.7500000000000001	0.7500000000000001
2.240052	0.5806609772600231	0.3792968235930977	0.1494669124250484	0.06672475122231467	-0.03336237561115733
2.2410518	1	1	-0	0.7500000000000001	0.7500000000000001
2.2410518	0.5804812550457683	0.3790879439987559	0.1493335788850664	0.06663548735690374	-0.03331774367845187
2.2420516	1	1	-0	0.7500000000000001	0.7500000000000001
2.2420516	0.5803015870655066	0.3788793037228139	0.1492004236779312	0.06654638264254546	-0.03327319132127273
2.2430514	1	1	-0	0.7500000000000001	0.7500000000000001
2.2430514	0.5801219734356754	0.3786709023507766	0.1490674464857591	0.06645743672470418	-0.03322871836235209
2.2440512	1	1	-0	0.7500000000000001	0.7500000000000001
2.2440512	0.5799424142720843	0.3784627394690979	0.1489346469913743	0.06636864924979177	-0.03318432462489589
2.245051	1	1	-0	0.7500000000000001	0.7500000000000001
2.245051	0.5797629096899167	0.3782548146651774	0.1488020248783069	0.06628001986516428	-0.03314000993258214
2.2460508	1	1	-0	0.7500000000000001	0.7500000000000001
2.2460508	0.5795834598037339	0.3780471275273594	0.1486695798307915	0.06619154821911932	-0.03309577410955968
2.2470506	1	1	-0	0.7500000000000001	0.7500000000000001
2.2470506	0.579404064727476	0.3778396776449285	0.1485373115337648	0.06610323396089293	-0.03305161698044647
2.2480504	1	1	-0	0.7500000000000001	0.7500000000000001
2.2480504	0.5792247245744644	0.3776324646081078	0.1484052196728641	0.06601507674065676	-0.03300753837032838
2.2490502	1	1	-0	0.7500000000000001	0.7500000000000001
2.2490502	0.5790454394574058	0.3774254880080564	0.1482733039344251	0.06592707620951509	-0.03296353810475754
2.25005	1	1	-0	0.7500000000000001	0.7500000000000001
2.25005	0.5788662094883933	0.3772187474368661	0.1481415640054805	0.06583923201950201	-0.032919616009751
2.2510498	1	1	-0	0.7500000000000001	0.7500000000000001
2.2510498	0.5786870347789091	0.3770122424875591	0.1480099995737575	0.06575154382357844	-0.03287577191178923
2.2520496	1	1	-0	0.7500000000000001	0.7500000000000001
2.2520496	0.5785079154398277	0.3768059727540864	0.1478786103276767	0.0656640112756294	-0.0328320056378147
2.2530494	1	1	-0	0.7500000000000001	0.7500000000000001
2.2530494	0.5783288515814171	0.3765999378313231	0.1477473959563495	0.06557663403046091	-0.03278831701523045
2.2540492	1	1	-0	0.7500000000000001	0.7500000000000001
2.2540492	0.5781498433133421	0.3763941373150675	0.1476163561495771	0.0654894117437974	-0.03274470587189869
2.255049	1	1	-0	0.7500000000000001	0.7500000000000001
2.255049	0.5779708907446667	0.3761885708020379	0.1474854905978476	0.06540234407227852	-0.03270117203613927
2.2560488	1	1	-0	0.7500000000000001	0.7500000000000001
2.2560488	0.5777919939838563	0.3759832378898706	0.1473547989923353	0.06531543067345678	-0.03265771533672839
2.2570486	1	1	-0	0.7500000000000001	0.7500000000000001
2.2570486	0.5776131531387801	0.3757781381771156	0.1472242810248981	0.06522867120579419	-0.0326143356028971
2.2580484	1	1	-0	0.7500000000000001	0.7500000000000001
2.2580484	0.5774343683167134	0.3755732712632366	0.1470939363880759	0.0651420653286599	-0.03257103266432996
2.2590482	1	1	-0	0.7500000000000001	0.7500000000000001
2.2590482	0.5772556396243403	0.3753686367486062	0.146963764775089	0.06505561270232703	-0.0325278063511635
2.260048	1	1	-0	0.7500000000000001	0.7500000000000001
2.260048	0.5770769671677559	0.3751642342345047	0.1468337658798359	0.06496931298797014	-0.03248465649398507
2.2610478	1	1	-0	0.7500000000000001	0.7500000000000001
2.2610478	0.5768983510524683	0.374960063323117	0.1467039393968918	0.06488316584766222	-0.03244158292383112
2.2620476	1	1	-0	0.7500000000000001	0.7500000000000001
2.2620476	0.5767197913834016	0.3747561236175304	0.1465742850215069	0.06479717094437222	-0.03239858547218611
2.2630474	1	1	-0	0.7500000000000001	0.7500000000000001
2.2630474	0.5765412882648979	0.3745524147217315	0.1464448024496041	0.06471132794196185	-0.03235566397098093
2.2640472	1	1	-0	0.7500000000000001	0.7500000000000001
2.2640472	0.5763628418007198	0.3743489362406042	0.1463154913777778	0.0646256365051832	-0.03231281825259159
2.265047	1	1	-0	0.7500000000000001	0.7500000000000001
2.265047	0.5761844520940526	0.3741456877799275	0.1461863515032919	0.06454009629967586	-0.03227004814983794
2.2660468	1	1	-0	0.7500000000000001	0.7500000000000001
2.2660468	0.5760061192475061	0.3739426689463717	0.1460573825240779	0.06445470699196409	-0.03222735349598205
2.2670466	1	1	-0	0.7500000000000001	0.7500000000000001
2.2670466	0.575827843363118	0.373739879347498	0.1459285841387329	0.06436946824945415	-0.03218473412472708
2.2680464	1	1	-0	0.7500000000000001	0.7500000000000001
2.2680464	0.5756496245423557	0.3735373185917534	0.145799956046519	0.06428437974043164	-0.03214218987021583
2.2690462	1	1	-0	0.7500000000000001	0.7500000000000001
2.2690462	0.5754714628861179	0.3733349862884708	0.1456714979473599	0.06419944113405884	-0.03209972056702942
2.270046	1	1	-0	0.7500000000000001	0.7500000000000001
2.270046	0.5752933584947381	0.3731328820478648	0.1455432095418405	0.06411465210037177	-0.03205732605018587
2.2710458	1	1	-0	0.7500000000000001	0.7500000000000001
2.2710458	0.5751153114679859	0.3729310054810298	0.1454150905312043	0.06403001231027762	-0.0320150061551388
2.2720456	1	1	-0	0.7500000000000001	0.7500000000000001
2.2720456	0.5749373219050695	0.3727293561999377	0.1452871406173522	0.06394552143555225	-0.03197276071777613
2.2730454	1	1	-0	0.7500000000000001	0.7500000000000001
2.2730454	0.5747593899046389	0.3725279338174359	0.1451593595028404	0.06386117914883724	-0.03193058957441861
2.2740452	1	1	-0	0.7500000000000001	0.7500000000000001
2.2740452	0.5745815155647865	0.3723267379472431	0.145031746890879	0.06377698512363737	-0.03188849256181869
2.275045	1	1	-0	0.7500000000000001	0.7500000000000001
2.275045	0.5744036989830503	0.372125768203949	0.1449043024853298	0.06369293903431791	-0.03184646951715896
2.2760448	1	1	-0	0.7500000000000001	0.7500000000000001
2.2760448	0.574225940256416	0.3719250242030107	0.1447770259907052	0.06360904055610206	-0.03180452027805102
2.2770446	1	1	-0	0.7500000000000001	0.7500000000000001
2.2770446	0.5740482394813194	0.3717245055607506	0.144649917112166	0.06352528936506821	-0.03176264468253412
2.2780444	1	1	-0	0.7500000000000001	0.7500000000000001
2.2780444	0.5738705967536483	0.371524211894354	0.14452297555552	0.06344168513814745	-0.03172084256907372
2.2790442	1	1	-0	0.7500000000000001	0.7500000000000001
2.2790442	0.5736930121687446	0.3713241428218666	0.1443962010272198	0.06335822755312066	-0.03167911377656034
2.280044	1	1	-0	0.7500000000000001	0.7500000000000001
2.280044	0.5735154858214069	0.3711242979621919	0.144269593234362	0.06327491628861635	-0.03163745814430818
2.2810438	1	1	-0	0.7500000000000001	0.7500000000000001
2.2810438	0.5733380178058924	0.3709246769350898	0.1441431518846845	0.06319175102410773	-0.03159587551205387
2.2820436	1	1	-0	0.7500000000000001	0.7500000000000001
2.2820436	0.5731606082159192	0.3707252793611731	0.1440168766865656	0.06310873143991011	-0.03155436571995504
2.2830434	1	1	-0	0.7500000000000001	0.7500000000000001
2.2830434	0.5729832571446682	0.3705261048619055	0.1438907673490218	0.06302585721717854	-0.03151292860858926
2.2840432	1	1	-0	0.7500000000000001	0.7500000000000001
2.2840432	0.5728059646847856	0.3703271530595995	0.1437648235817064	0.06294312803790506	-0.03147156401895253
2.285043	1	1	-0	0.7500000000000001	0.7500000000000001
2.285043	0.5726287309283851	0.3701284235774142	0.1436390450949077	0.06286054358491626	-0.03143027179245812
2.2860428	1	1	-0	0.7500000000000001	0.7500000000000001
2.2860428	0.5724515559670492	0.3699299160393519	0.1435134315995476	0.06277810354187051	-0.03138905177093525
2.2870426	1	1	-0	0.7500000000000001	0.7500000000000001
2.2870426	0.5722744398918328	0.3697316300702574	0.1433879828071794	0.06269580759325576	-0.03134790379662789
2.2880424	1	1	-0	0.7500000000000001	0.7500000000000001
2.2880424	0.5720973827932637	0.369533565295814	0.1432626984299867	0.06261365542438665	-0.03130682771219332
2.2890422	1	1	-0	0.7500000000000001	0.7500000000000001
2.2890422	0.5719203847613461	0.3693357213425426	0.1431375781807814	0.06253164672140225	-0.03126582336070113
2.290042	1	1	-0	0.7500000000000001	0.7500000000000001
2.290042	0.5717434458855617	0.3691380978377987	0.1430126217730023	0.06244978117126336	-0.03122489058563168
2.2910418	1	1	-0	0.7500000000000001	0.7500000000000001
2.2910418	0.5715665662548726	0.3689406944097697	0.1428878289207133	0.06236805846175015	-0.03118402923087507
2.2920416	1	1	-0	0.7500000000000001	0.7500000000000001
2.2920416	0.5713897459577223	0.3687435106874737	0.1427631993386016	0.06228647828145947	-0.03114323914072974
2.2930414	1	1	-0	0.7500000000000001	0.7500000000000001
2.2930414	0.5712129850820391	0.3685465463007564	0.1426387327419766	0.06220504031980262	-0.03110252015990131
2.2940412	1	1	-0	0.7500000000000001	0.7500000000000001
2.2940412	0.5710362837152373	0.3683498008802887	0.1425144288467677	0.06212374426700257	-0.03106187213350128
2.295041	1	1	-0	0.7500000000000001	0.7500000000000001
2.295041	0.5708596419442191	0.3681532740575653	0.142390287369523	0.06204258981409178	-0.03102129490704589
2.2960408	1	1	-0	0.7500000000000001	0.7500000000000001
2.2960408	0.5706830598553779	0.3679569654649016	0.1422663080274076	0.06196157665290945	-0.03098078832645474
2.2970406	1	1	-0	0.7500000000000001	0.7500000000000001
2.2970406	0.5705065375345988	0.3677608747354319	0.1421424905382019	0.06188070447609936	-0.03094035223804968
2.2980404	1	1	-0	0.7500000000000001	0.7500000000000001
2.2980404	0.5703300750672614	0.3675650015031069	0.1420188346203003	0.06179997297710706	-0.03089998648855353
2.2990402	1	1	-0	0.7500000000000001	0.7500000000000001
2.2990402	0.570153672538242	0.3673693454026916	0.1418953399927093	0.06171938185017784	-0.03085969092508893
2.30004	1	1	-0	0.7500000000000001	0.7500000000000001
2.30004	0.569977330031915	0.3671739060697626	0.1417720063750457	0.06163893079035396	-0.03081946539517698
2.3010398	1	1	-0	0.7500000000000001	0.7500000000000001
2.3010398	0.5698010476321556	0.3669786831407077	0.1416488334875358	0.06155861949347239	-0.03077930974673619
2.3020396	1	1	-0	0.7500000000000001	0.7500000000000001
2.3020396	0.5696248254223413	0.3667836762527205	0.141525821051013	0.06147844765616238	-0.03073922382808119
2.3030394	1	1	-0	0.7500000000000001	0.7500000000000001
2.3030394	0.5694486634853538	0.366588885043801	0.1414029687869165	0.06139841497584304	-0.03069920748792152
2.3040392	1	1	-0	0.7500000000000001	0.7500000000000001
2.3040392	0.5692725619035821	0.3663943091527522	0.14128027641729	0.06131852115072085	-0.03065926057536043
2.305039	1	1	-0	0.7500000000000001	0.7500000000000001
2.305039	0.569096520758923	0.3661999482191783	0.1411577436647796	0.06123876587978756	-0.03061938293989378
2.3060388	1	1	-0	0.7500000000000001	0.7500000000000001
2.3060388	0.5689205401327836	0.3660058018834816	0.1410353702526327	0.06115914886281736	-0.03057957443140866
2.3070386	1	1	-0	0.7500000000000001	0.7500000000000001
2.3070386	0.568744620106084	0.3658118697868619	0.1409131559046962	0.06107966980036492	-0.03053983490018247
2.3080384	1	1	-0	0.7500000000000001	0.7500000000000001
2.3080384	0.5685687607592578	0.3656181515713126	0.1407911003454149	0.0610003283937628	-0.03050016419688141
2.3090382	1	1	-0	0.7500000000000001	0.7500000000000001
2.3090382	0.5683929621722554	0.36542464687962	0.1406692032998302	0.06092112434511919	-0.03046056217255961
2.310038	1	1	-0	0.7500000000000001	0.7500000000000001
2.310038	0.5682172244245458	0.3652313553553601	0.1405474644935783	0.06084205735731545	-0.03042102867865772
2.3110378	1	1	-0	0.7500000000000001	0.7500000000000001
2.3110378	0.568041547595117	0.3650382766428972	0.1404258836528887	0.06076312713400391	-0.03038156356700194
2.3120376	1	1	-0	0.7500000000000001	0.7500000000000001
2.3120376	0.5678659317624806	0.3648454103873808	0.1403044605045829	0.06068433337960545	-0.03034216668980274
2.3130374	1	1	-0	0.7500000000000001	0.7500000000000001
2.3130374	0.5676903770046707	0.364652756234745	0.1401831947760724	0.0606056757993072	-0.0303028378996536
2.3140372	1	1	-0	0.7500000000000001	0.7500000000000001
2.3140372	0.5675148833992484	0.3644603138317044	0.1400620861953577	0.06052715409906018	-0.03026357704953009
2.315037	1	1	-0	0.7500000000000001	0.7500000000000001
2.315037	0.5673394510233017	0.3642680828257536	0.1399411344910264	0.06044876798557705	-0.03022438399278854
2.3160368	1	1	-0	0.7500000000000001	0.7500000000000001
2.3160368	0.5671640799534494	0.3640760628651645	0.1398203393922517	0.06037051716632989	-0.03018525858316493
2.3170366	1	1	-0	0.7500000000000001	0.7500000000000001
2.3170366	0.5669887702658409	0.3638842535989839	0.1396997006287912	0.06029240134954762	-0.03014620067477381
2.3180364	1	1	-0	0.7500000000000001	0.7500000000000001
2.3180364	0.5668135220361595	0.3636926546770317	0.1395792179309849	0.06021442024421401	-0.03010721012210701
2.3190362	1	1	-0	0.7500000000000001	0.7500000000000001
2.3190362	0.566638335339624	0.3635012657498989	0.1394588910297543	0.0601365735600653	-0.03006828678003264
2.320036	1	1	-0	0.7500000000000001	0.7500000000000001
2.320036	0.5664632102509902	0.3633100864689456	0.1393387196566003	0.06005886100758796	-0.03002943050379399
2.3210358	1	1	-0	0.7500000000000001	0.7500000000000001
2.3210358	0.5662881468445528	0.363119116486298	0.1392187035436021	0.05998128229801629	-0.02999064114900814
2.3220356	1	1	-0	0.7500000000000001	0.7500000000000001
2.3220356	0.5661131451941476	0.3629283554548476	0.1390988424234153	0.05990383714333034	-0.02995191857166517
2.3230354	1	1	-0	0.7500000000000001	0.7500000000000001
2.3230354	0.5659382053731532	0.362737803028248	0.1389791360292711	0.05982652525625357	-0.02991326262812678
2.3240352	1	1	-0	0.7500000000000001	0.7500000000000001
2.3240352	0.5657633274544929	0.3625474588609142	0.1388595840949742	0.05974934635025073	-0.02987467317512536
2.325035	1	1	-0	0.7500000000000001	0.7500000000000001
2.325035	0.5655885115106358	0.3623573226080186	0.1387401863549015	0.05967230013952541	-0.02983615006976271
2.3260348	1	1	-0	0.7500000000000001	0.7500000000000001
2.3260348	0.5654137576136002	0.3621673939254907	0.1386209425440004	0.05959538633901799	-0.02979769316950899
2.3270346	1	1	-0	0.7500000000000001	0.7500000000000001
2.3270346	0.565239065834954	0.3619776724700149	0.1385018523977881	0.0595186046644034	-0.02975930233220171
2.3280344	1	1	-0	0.7500000000000001	0.7500000000000001
2.3280344	0.5650644362458166	0.361788157899027	0.1383829156523493	0.05944195483208895	-0.02972097741604448
2.3290342	1	1	-0	0.7500000000000001	0.7500000000000001
2.3290342	0.5648898689168611	0.3615988498707131	0.1382641320443349	0.05936543655921192	-0.02968271827960596
2.330034	1	1	-0	0.7500000000000001	0.7500000000000001
2.330034	0.5647153639183171	0.3614097480440088	0.138145501310961	0.05928904956363771	-0.02964452478181885
2.3310338	1	1	-0	0.7500000000000001	0.7500000000000001
2.3310338	0.5645409213199699	0.3612208520785947	0.1380270231900069	0.05921279356395728	-0.02960639678197864
2.3320336	1	1	-0	0.7500000000000001	0.7500000000000001
2.3320336	0.5643665411911652	0.3610321616348963	0.137908697419814	0.05913666827948534	-0.02956833413974266
2.3330334	1	1	-0	0.7500000000000001	0.7500000000000001
2.3330334	0.5641922236008085	0.3608436763740813	0.1377905237392841	0.05906067343025784	-0.02953033671512892
2.3340332	1	1	-0	0.7500000000000001	0.7500000000000001
2.3340332	0.5640179686173682	0.3606553959580577	0.1376725018878784	0.05898480873703014	-0.02949240436851507
2.335033	1	1	-0	0.7500000000000001	0.7500000000000001
2.335033	0.5638437763088769	0.3604673200494711	0.1375546316056153	0.05890907392127449	-0.02945453696063725
2.3360328	1	1	-0	0.7500000000000001	0.7500000000000001
2.3360328	0.5636696467429337	0.3602794483117046	0.13743691263307	0.05883346870517827	-0.02941673435258913
2.3370326	1	1	-0	0.7500000000000001	0.7500000000000001
2.3370326	0.5634955799867052	0.3600917804088744	0.1373193447113718	0.05875799281164149	-0.02937899640582074
2.3380324	1	1	-0	0.7500000000000001	0.7500000000000001
2.3380324	0.563321576106927	0.3599043160058301	0.1372019275822041	0.05868264596427494	-0.02934132298213749
2.3390322	1	1	-0	0.7500000000000001	0.7500000000000001
2.3390322	0.5631476351699067	0.3597170547681507	0.1370846609878017	0.05860742788739791	-0.02930371394369895
2.340032	1	1	-0	0.7500000000000001	0.7500000000000001
2.340032	0.5629737572415247	0.3595299963621439	0.1369675446709503	0.0585323383060361	-0.02926616915301805
2.3410318	1	1	-0	0.7500000000000001	0.7500000000000001
2.3410318	0.5627999423872359	0.3593431404548441	0.1368505783749845	0.05845737694591951	-0.02922868847295975
2.3420316	1	1	-0	0.7500000000000001	0.7500000000000001
2.3420316	0.5626261906720719	0.3591564867140098	0.1367337618437868	0.05838254353348043	-0.0291912717667402
2.3430314	1	1	-0	0.7500000000000001	0.7500000000000001
2.3430314	0.562452502160642	0.3589700348081224	0.1366170948217859	0.05830783779585107	-0.02915391889792554
2.3440312	1	1	-0	0.7500000000000001	0.7500000000000001
2.3440312	0.5622788769171357	0.3587837844063839	0.1365005770539555	0.05823325946086193	-0.02911662973043096
2.345031	1	1	-0	0.7500000000000001	0.7500000000000001
2.345031	0.5621053150053237	0.3585977351787142	0.1363842082858129	0.05815880825703919	-0.02907940412851958
2.3460308	1	1	-0	0.7500000000000001	0.7500000000000001
2.3460308	0.5619318164885605	0.3584118867957509	0.1362679882634173	0.05808448391360307	-0.02904224195680154
2.3470306	1	1	-0	0.7500000000000001	0.7500000000000001
2.3470306	0.561758381429784	0.3582262389288459	0.1361519167333689	0.05801028616046545	-0.02900514308023272
2.3480304	1	1	-0	0.7500000000000001	0.7500000000000001
2.3480304	0.5615850098915204	0.3580407912500644	0.1360359934428073	0.0579362147282281	-0.02896810736411404
2.3490302	1	1	-0	0.7500000000000001	0.7500000000000001
2.3490302	0.5614117019358826	0.3578555434321817	0.1359202181394098	0.0578622693481803	-0.02893113467409015
2.35003	1	1	-0	0.7500000000000001	0.7500000000000001
2.35003	0.5612384576245747	0.3576704951486835	0.1358045905713908	0.05778844975229709	-0.02889422487614855
2.3510298	1	1	-0	0.7500000000000001	0.7500000000000001
2.3510298	0.5610652770188908	0.3574856460737614	0.1356891104874993	0.05771475567323704	-0.02885737783661852
2.3520296	1	1	-0	0.7500000000000001	0.7500000000000001
2.3520296	0.5608921601797195	0.3573009958823135	0.1355737776370189	0.05764118684434029	-0.02882059342217015
2.3530294	1	1	-0	0.7500000000000001	0.7500000000000001
2.3530294	0.5607191071675431	0.3571165442499402	0.1354585917697653	0.0575677429996265	-0.02878387149981325
2.3540292	1	1	-0	0.7500000000000001	0.7500000000000001
2.3540292	0.5605461180424408	0.3569322908529443	0.1353435526360855	0.05749442387379287	-0.02874721193689643
2.355029	1	1	-0	0.7500000000000001	0.7500000000000001
2.355029	0.56037319286409	0.3567482353683277	0.1352286599868564	0.0574212292022121	-0.02871061460110605
2.3560288	1	1	-0	0.7500000000000001	0.7500000000000001
2.3560288	0.5602003316917671	0.3565643774737907	0.1351139135734831	0.05734815872093038	-0.02867407936046519
2.3570286	1	1	-0	0.7500000000000001	0.7500000000000001
2.3570286	0.5600275345843502	0.3563807168477288	0.1349993131478981	0.05727521216666533	-0.02863760608333266
2.3580284	1	1	-0	0.7500000000000001	0.7500000000000001
2.3580284	0.5598548016003201	0.3561972531692322	0.1348848584625597	0.05720238927680418	-0.02860119463840209
2.3590282	1	1	-0	0.7500000000000001	0.7500000000000001
2.3590282	0.5596821327977621	0.3560139861180832	0.1347705492704505	0.05712968978940163	-0.02856484489470082
2.360028	1	1	-0	0.7500000000000001	0.7500000000000001
2.360028	0.5595095282343678	0.3558309153747544	0.1346563853250763	0.05705711344317794	-0.02852855672158896
2.3610278	1	1	-0	0.7500000000000001	0.7500000000000001
2.3610278	0.5593369879674356	0.3556480406204068	0.1345423663804646	0.05698465997751682	-0.02849232998875842
2.3620276	1	1	-0	0.7500000000000001	0.7500000000000001
2.3620276	0.5591645120538735	0.3554653615368885	0.1344284921911635	0.05691232913246375	-0.02845616456623188
2.3630274	1	1	-0	0.7500000000000001	0.7500000000000001
2.3630274	0.5589921005502008	0.3552828778067322	0.1343147625122402	0.05684012064872382	-0.02842006032436192
2.3640272	1	1	-0	0.7500000000000001	0.7500000000000001
2.3640272	0.5588197535125488	0.355100589113154	0.1342011770992796	0.05676803426765972	-0.02838401713382986
2.365027	1	1	-0	0.7500000000000001	0.7500000000000001
2.365027	0.5586474709966619	0.3549184951400509	0.1340877357083834	0.05669606973128992	-0.02834803486564497
2.3660268	1	1	-0	0.7500000000000001	0.7500000000000001
2.3660268	0.5584752530579009	0.3547365955719995	0.1339744380961682	0.05662422678228674	-0.02831211339114337
2.3670266	1	1	-0	0.7500000000000001	0.7500000000000001
2.3670266	0.5583030997512436	0.3545548900942543	0.1338612840197647	0.05655250516397439	-0.02827625258198719
2.3680264	1	1	-0	0.7500000000000001	0.7500000000000001
2.3680264	0.5581310111312858	0.3543733783927455	0.1337482732368162	0.05648090462032695	-0.02824045231016348
2.3690262	1	1	-0	0.7500000000000001	0.7500000000000001
2.3690262	0.5579589872522434	0.3541920601540772	0.1336354055054771	0.05640942489596656	-0.02820471244798328
2.370026	1	1	-0	0.7500000000000001	0.7500000000000001
2.370026	0.5577870281679542	0.3540109350655257	0.1335226805844119	0.05633806573616151	-0.02816903286808074
2.3710258	1	1	-0	0.7500000000000001	0.7500000000000001
2.3710258	0.5576151339318791	0.3538300028150386	0.1334100982327941	0.05626682688682431	-0.02813341344341214
2.3720256	1	1	-0	0.7500000000000001	0.7500000000000001
2.3720256	0.5574433045971038	0.3536492630912315	0.1332976582103042	0.0561957080945097	-0.02809785404725484
2.3730254	1	1	-0	0.7500000000000001	0.7500000000000001
2.3730254	0.5572715402163392	0.3534687155833868	0.133185360277129	0.05612470910641286	-0.02806235455320644
2.3740252	1	1	-0	0.7500000000000001	0.7500000000000001
2.3740252	0.5570998408419251	0.3532883599814527	0.1330732041939603	0.05605382967036758	-0.02802691483518379
2.375025	1	1	-0	0.7500000000000001	0.7500000000000001
2.375025	0.5569282065258295	0.3531081959760405	0.1329611897219935	0.05598306953484429	-0.02799153476742214
2.3760248	1	1	-0	0.7500000000000001	0.7500000000000001
2.3760248	0.556756637319652	0.3529282232584234	0.1328493166229261	0.05591242844894805	-0.02795621422447402
2.3770246	1	1	-0	0.7500000000000001	0.7500000000000001
2.3770246	0.5565851332746231	0.3527484415205341	0.1327375846589568	0.05584190616241701	-0.0279209530812085
2.3780244	1	1	-0	0.7500000000000001	0.7500000000000001
2.3780244	0.5564136944416079	0.3525688504549641	0.132625993592784	0.05577150242562019	-0.02788575121281009
2.3790242	1	1	-0	0.7500000000000001	0.7500000000000001
2.3790242	0.5562423208711064	0.3523894497549611	0.1325145431876049	0.055701216989556	-0.027850608494778
2.380024	1	1	-0	0.7500000000000001	0.7500000000000001
2.380024	0.5560710126132545	0.3522102391144273	0.1324032332071136	0.05563104960585	-0.027815524802925
2.3810238	1	1	-0	0.7500000000000001	0.7500000000000001
2.3810238	0.5558997697178273	0.3520312182279181	0.1322920634155005	0.0555610000267534	-0.02778050001337671
2.3820236	1	1	-0	0.7500000000000001	0.7500000000000001
2.3820236	0.5557285922342383	0.3518523867906403	0.1321810335774506	0.05549106800514092	-0.02774553400257046
2.3830234	1	1	-0	0.7500000000000001	0.7500000000000001
2.3830234	0.5555574802115427	0.3516737444984505	0.1320701434581426	0.05542125329450925	-0.02771062664725463
2.3840232	1	1	-0	0.7500000000000001	0.7500000000000001
2.3840232	0.5553864336984375	0.3514952910478521	0.1319593928232475	0.05535155564897499	-0.02767577782448749
2.385023	1	1	-0	0.7500000000000001	0.7500000000000001
2.385023	0.5552154527432639	0.3513170261359958	0.131848781438927	0.05528197482327298	-0.02764098741163648
2.3860228	1	1	-0	0.7500000000000001	0.7500000000000001
2.3860228	0.5550445373940081	0.3511389494606766	0.131738309071833	0.05521251057275436	-0.02760625528637718
2.3870226	1	1	-0	0.7500000000000001	0.7500000000000001
2.3870226	0.5548736876983033	0.3509610607203316	0.1316279754891058	0.05514316265338496	-0.02757158132669248
2.3880224	1	1	-0	0.7500000000000001	0.7500000000000001
2.3880224	0.5547029037034309	0.3507833596140397	0.1315177804583732	0.05507393082174321	-0.02753696541087161
2.3890222	1	1	-0	0.7500000000000001	0.7500000000000001
2.3890222	0.554532185456321	0.3506058458415189	0.131407723747749	0.05500481483501871	-0.02750240741750936
2.390022	1	1	-0	0.7500000000000001	0.7500000000000001
2.390022	0.5543615330035556	0.3504285191031245	0.1312978051258319	0.05493581445101006	-0.02746790722550503
2.3910218	1	1	-0	0.7500000000000001	0.7500000000000001
2.3910218	0.5541909463913688	0.3502513790998488	0.1311880243617045	0.05486692942812339	-0.02743346471406169
2.3920216	1	1	-0	0.7500000000000001	0.7500000000000001
2.3920216	0.554020425665648	0.3500744255333179	0.1310783812249316	0.05479815952537035	-0.02739907976268517
2.3930214	1	1	-0	0.7500000000000001	0.7500000000000001
2.3930214	0.5538499708719364	0.3498976581057903	0.1309688754855595	0.05472950450236656	-0.02736475225118328
2.3940212	1	1	-0	0.7500000000000001	0.7500000000000001
2.3940212	0.5536795820554334	0.3497210765201562	0.1308595069141144	0.05466096411932962	-0.02733048205966481
2.395021	1	1	-0	0.7500000000000001	0.7500000000000001
2.395021	0.5535092592609966	0.3495446804799351	0.1307502752816016	0.05459253813707753	-0.02729626906853878
2.3960208	1	1	-0	0.7500000000000001	0.7500000000000001
2.3960208	0.5533390025331425	0.3493684696892738	0.1306411803595037	0.05452422631702685	-0.02726211315851342
2.3970206	1	1	-0	0.7500000000000001	0.7500000000000001
2.3970206	0.5531688119160483	0.3491924438529454	0.1305322219197803	0.05445602842119098	-0.0272280142105955
2.3980204	1	1	-0	0.7500000000000001	0.7500000000000001
2.3980204	0.5529986874535537	0.3490166026763479	0.1304233997348656	0.05438794421217837	-0.02719397210608918
2.3990202	1	1	-0	0.7500000000000001	0.7500000000000001
2.3990202	0.5528286291891615	0.348840945865502	0.1303147135776687	0.05431997345319088	-0.02715998672659545
2.40002	1	1	-0	0.7500000000000001	0.7500000000000001
2.40002	0.5526586371660399	0.3486654731270492	0.1302061632215709	0.05425211590802197	-0.02712605795401098
2.4010198	1	1	-0	0.7500000000000001	0.7500000000000001
2.4010198	0.5524887114270218	0.3484901841682509	0.1300977484404256	0.05418437134105497	-0.0270921856705275
2.4020196	1	1	-0	0.7500000000000001	0.7500000000000001
2.4020196	0.5523188520146093	0.3483150786969867	0.1299894690085567	0.0541167395172615	-0.02705836975863075
2.4030194	1	1	-0	0.7500000000000001	0.7500000000000001
2.4030194	0.5521490589709721	0.3481401564217522	0.1298813247007574	0.05404922020219952	-0.02702461010109977
2.4040192	1	1	-0	0.7500000000000001	0.7500000000000001
2.4040192	0.5519793323379507	0.3479654170516577	0.1297733152922891	0.05398181316201181	-0.0269909065810059
2.405019	1	1	-0	0.7500000000000001	0.7500000000000001
2.405019	0.5518096721570569	0.3477908602964274	0.1296654405588803	0.05391451816342423	-0.02695725908171211
2.4060188	1	1	-0	0.7500000000000001	0.7500000000000001
2.4060188	0.5516400784694753	0.3476164858663963	0.1295577002767256	0.053847334973744	-0.026923667486872
2.4070186	1	1	-0	0.7500000000000001	0.7500000000000001
2.4070186	0.5514705513160644	0.3474422934725097	0.1294500942224837	0.05378026336085803	-0.02689013168042901
2.4080184	1	1	-0	0.7500000000000001	0.7500000000000001
2.4080184	0.551301090737359	0.3472682828263211	0.1293426221732775	0.05371330309323114	-0.02685665154661557
2.4090182	1	1	-0	0.7500000000000001	0.7500000000000001
2.4090182	0.5511316967735698	0.347094453639991	0.1292352839066919	0.0536464539399046	-0.02682322696995229
2.410018	1	1	-0	0.7500000000000001	0.7500000000000001
2.410018	0.550962369464586	0.3469208056262853	0.1291280792007732	0.05357971567049427	-0.02678985783524713
2.4110178	1	1	-0	0.7500000000000001	0.7500000000000001
2.4110178	0.550793108849976	0.3467473384985733	0.1290210078340279	0.05351308805518893	-0.02675654402759446
2.4120176	1	1	-0	0.7500000000000001	0.7500000000000001
2.4120176	0.5506239149689891	0.3465740519708261	0.1289140695854211	0.05344657086474869	-0.02672328543237435
2.4130174	1	1	-0	0.7500000000000001	0.7500000000000001
2.4130174	0.5504547878605567	0.3464009457576162	0.1288072642343761	0.05338016387050341	-0.02669008193525171
2.4140172	1	1	-0	0.7500000000000001	0.7500000000000001
2.4140172	0.5502857275632927	0.3462280195741143	0.1287005915607728	0.05331386684435091	-0.02665693342217545
2.415017	1	1	-0	0.7500000000000001	0.7500000000000001
2.415017	0.5501167341154969	0.3460552731360888	0.1285940513449465	0.05324767955875528	-0.02662383977937763
2.4160168	1	1	-0	0.7500000000000001	0.7500000000000001
2.4160168	0.5499478075551534	0.3458827061599039	0.128487643367687	0.05318160178674543	-0.02659080089337271
2.4170166	1	1	-0	0.7500000000000001	0.7500000000000001
2.4170166	0.5497789479199344	0.3457103183625184	0.1283813674102374	0.05311563330191334	-0.02655781665095667
2.4180164	1	1	-0	0.7500000000000001	0.7500000000000001
2.4180164	0.5496101552472002	0.3455381094614835	0.128275223254293	0.05304977387841247	-0.02652488693920623
2.4190162	1	1	-0	0.7500000000000001	0.7500000000000001
2.4190162	0.5494414295740007	0.3453660791749417	0.128169210682	0.05298402329095604	-0.02649201164547803
2.420016	1	1	-0	0.7500000000000001	0.7500000000000001
2.420016	0.5492727709370767	0.3451942272216258	0.1280633294759547	0.05291838131481558	-0.02645919065740778
2.4210158	1	1	-0	0.7500000000000001	0.7500000000000001
2.4210158	0.5491041793728609	0.345022553320856	0.1279575794192021	0.05285284772581911	-0.02642642386290955
2.4220156	1	1	-0	0.7500000000000001	0.7500000000000001
2.4220156	0.54893565491748	0.3448510571925398	0.127851960295235	0.05278742230034977	-0.02639371115017489
2.4230154	1	1	-0	0.7500000000000001	0.7500000000000001
2.4230154	0.5487671976067545	0.3446797385571693	0.1277464718879927	0.052722104815344	-0.026361052407672
2.4240152	1	1	-0	0.7500000000000001	0.7500000000000001
2.4240152	0.5485988074762018	0.3445085971358211	0.1276411139818599	0.0526568950482901	-0.02632844752414506
2.425015	1	1	-0	0.7500000000000001	0.7500000000000001
2.425015	0.5484304845610352	0.3443376326501528	0.1275358863616659	0.0525917927772265	-0.02629589638861324
2.4260148	1	1	-0	0.7500000000000001	0.7500000000000001
2.4260148	0.5482622288961672	0.344166844822404	0.1274307888126832	0.05252679778074031	-0.02626339889037016
2.4270146	1	1	-0	0.7500000000000001	0.7500000000000001
2.4270146	0.5480940405162094	0.3439962333753923	0.1273258211206263	0.05246190983796567	-0.02623095491898284
2.4280144	1	1	-0	0.7500000000000001	0.7500000000000001
2.4280144	0.5479259194554743	0.3438257980325134	0.1272209830716512	0.05239712872858216	-0.02619856436429108
2.4290142	1	1	-0	0.7500000000000001	0.7500000000000001
2.4290142	0.5477578657479765	0.3436555385177393	0.1271162744523535	0.05233245423281323	-0.02616622711640661
2.430014	1	1	-0	0.7500000000000001	0.7500000000000001
2.430014	0.547589879427434	0.3434854545556166	0.1270116950497679	0.05226788613142472	-0.02613394306571236
2.4310138	1	1	-0	0.7500000000000001	0.7500000000000001
2.4310138	0.547421960527268	0.3433155458712649	0.126907244651367	0.05220342420572316	-0.02610171210286157
2.4320136	1	1	-0	0.7500000000000001	0.7500000000000001
2.4320136	0.547254109080607	0.343145812190376	0.1268029230450602	0.05213906823755434	-0.02606953411877717
2.4330134	1	1	-0	0.7500000000000001	0.7500000000000001
2.4330134	0.5470863251202851	0.3429762532392114	0.1266987300191922	0.05207481800930164	-0.02603740900465083
2.4340132	1	1	-0	0.7500000000000001	0.7500000000000001
2.4340132	0.5469186086788448	0.3428068687446021	0.1265946653625429	0.05201067330388467	-0.02600533665194233
2.435013	1	1	-0	0.7500000000000001	0.7500000000000001
2.435013	0.5467509597885376	0.3426376584339454	0.1264907288643252	0.05194663390475747	-0.02597331695237873
2.4360128	1	1	-0	0.7500000000000001	0.7500000000000001
2.4360128	0.5465833784813255	0.3424686220352057	0.1263869203141849	0.05188269959590723	-0.02594134979795361
2.4370126	1	1	-0	0.7500000000000001	0.7500000000000001
2.4370126	0.5464158647888819	0.342299759276911	0.1262832395021987	0.05181887016185255	-0.02590943508092627
2.4380124	1	1	-0	0.7500000000000001	0.7500000000000001
2.4380124	0.5462484187425932	0.3421310698881527	0.1261796862188743	0.05175514538764213	-0.02587757269382106
2.4390122	1	1	-0	0.7500000000000001	0.7500000000000001
2.4390122	0.546081040373559	0.3419625535985834	0.1260762602551481	0.05169152505885297	-0.02584576252942648
2.440012	1	1	-0	0.7500000000000001	0.7500000000000001
2.440012	0.5459137297125942	0.341794210138416	0.1259729614023851	0.05162800896158919	-0.02581400448079459
2.4410118	1	1	-0	0.7500000000000001	0.7500000000000001
2.4410118	0.5457464867902305	0.3416260392384222	0.1258697894523774	0.05156459688248019	-0.02578229844124008
2.4420116	1	1	-0	0.7500000000000001	0.7500000000000001
2.4420116	0.5455793116367162	0.3414580406299307	0.125766744197343	0.05150128860867943	-0.02575064430433972
2.4430114	1	1	-0	0.7500000000000001	0.7500000000000001
2.4430114	0.5454122042820182	0.3412902140448261	0.1256638254299254	0.05143808392786271	-0.02571904196393136
2.4440112	1	1	-0	0.7500000000000001	0.7500000000000001
2.4440112	0.5452451647558236	0.3411225592155474	0.1255610329431917	0.05137498262822682	-0.0256874913141134
2.445011	1	1	-0	0.7500000000000001	0.7500000000000001
2.445011	0.5450781930875389	0.3409550758750867	0.1254583665306324	0.05131198449848789	-0.02565599224924396
2.4460108	1	1	-0	0.7500000000000001	0.7500000000000001
2.4460108	0.5449112893062944	0.3407877637569874	0.1253558259861597	0.05124908932788022	-0.0256245446639401
2.4470106	1	1	-0	0.7500000000000001	0.7500000000000001
2.4470106	0.5447444534409418	0.3406206225953434	0.1252534111041068	0.05118629690615431	-0.02559314845307716
2.4480104	1	1	-0	0.7500000000000001	0.7500000000000001
2.4480104	0.5445776855200579	0.3404536521247967	0.1251511216792269	0.05112360702357592	-0.02556180351178796
2.4490102	1	1	-0	0.7500000000000001	0.7500000000000001
2.4490102	0.5444109855719441	0.3402868520805376	0.1250489575066918	0.05106101947092415	-0.02553050973546207
2.45001	1	1	-0	0.7500000000000001	0.7500000000000001
2.45001	0.5442443536246292	0.3401202221983017	0.1249469183820916	0.05099853403949028	-0.02549926701974515
2.4510098	1	1	-0	0.7500000000000001	0.7500000000000001
2.4510098	0.5440777897058685	0.3399537622143691	0.1248450041014327	0.05093615052107612	-0.02546807526053807
2.4520096	1	1	-0	0.7500000000000001	0.7500000000000001
2.4520096	0.5439112938431466	0.3397874718655636	0.1247432144611377	0.05087386870799269	-0.02543693435399634
2.4530094	1	1	-0	0.7500000000000001	0.7500000000000001
2.4530094	0.5437448660636773	0.3396213508892502	0.1246415492580438	0.05081168839305866	-0.02540584419652934
2.4540092	1	1	-0	0.7500000000000001	0.7500000000000001
2.4540092	0.5435785063944059	0.3394553990233349	0.1245400082894021	0.05074960936959898	-0.02537480468479947
2.455009	1	1	-0	0.7500000000000001	0.7500000000000001
2.455009	0.5434122148620086	0.3392896160062621	0.1244385913528762	0.05068763143144329	-0.02534381571572166
2.4560088	1	1	-0	0.7500000000000001	0.7500000000000001
2.4560088	0.5432459914928959	0.3391240015770144	0.1243372982465417	0.05062575437292479	-0.0253128771864624
2.4570086	1	1	-0	0.7500000000000001	0.7500000000000001
2.4570086	0.5430798363132117	0.3389585554751104	0.1242361287688851	0.05056397798887847	-0.02528198899443923
2.4580084	1	1	-0	0.7500000000000001	0.7500000000000001
2.4580084	0.5429137493488349	0.3387932774406039	0.1241350827188022	0.05050230207463987	-0.02525115103731993
2.4590082	1	1	-0	0.7500000000000001	0.7500000000000001
2.4590082	0.542747730625381	0.3386281672140818	0.1240341598955978	0.05044072642604357	-0.02522036321302177
2.460008	1	1	-0	0.7500000000000001	0.7500000000000001
2.460008	0.542581780168203	0.3384632245366639	0.1239333600989845	0.05037925083942187	-0.02518962541971093
2.4610078	1	1	-0	0.7500000000000001	0.7500000000000001
2.4610078	0.5424158980023921	0.3382984491500005	0.1238326831290816	0.0503178751116033	-0.02515893755580165
2.4620076	1	1	-0	0.7500000000000001	0.7500000000000001
2.4620076	0.5422500841527789	0.338133840796271	0.1237321287864141	0.05025659903991119	-0.0251282995199556
2.4630074	1	1	-0	0.7500000000000001	0.7500000000000001
2.4630074	0.5420843386439349	0.337969399218184	0.1236316968719118	0.05019542242216237	-0.02509771121108117
2.4640072	1	1	-0	0.7500000000000001	0.7500000000000001
2.4640072	0.5419186615001728	0.3378051241589738	0.1235313871869084	0.05013434505666559	-0.02506717252833279
2.465007	1	1	-0	0.7500000000000001	0.7500000000000001
2.465007	0.5417530527455484	0.3376410153624013	0.1234311995331404	0.05007336674222035	-0.02503668337111018
2.4660068	1	1	-0	0.7500000000000001	0.7500000000000001
2.4660068	0.5415875124038609	0.3374770725727509	0.1233311337127459	0.05001248727811532	-0.02500624363905768
2.4670066	1	1	-0	0.7500000000000001	0.7500000000000001
2.4670066	0.5414220404986543	0.3373132955348299	0.1232311895282642	0.04995170646412709	-0.02497585323206354
2.4680064	1	1	-0	0.7500000000000001	0.7500000000000001
2.4680064	0.5412566370532188	0.3371496839939676	0.1231313667826341	0.04989102410051858	-0.02494551205025929
2.4690062	1	1	-0	0.7500000000000001	0.7500000000000001
2.4690062	0.5410913020905909	0.3369862376960127	0.1230316652791937	0.04983043998803799	-0.02491521999401899
2.470006	1	1	-0	0.7500000000000001	0.7500000000000001
2.470006	0.5409260356335551	0.3368229563873337	0.1229320848216788	0.0497699539279171	-0.02488497696395854
2.4710058	1	1	-0	0.7500000000000001	0.7500000000000001
2.4710058	0.5407608377046452	0.3366598398148162	0.1228326252142222	0.0497095657218701	-0.02485478286093505
2.4720056	1	1	-0	0.7500000000000001	0.7500000000000001
2.4720056	0.5405957083261447	0.3364968877258619	0.1227332862613527	0.04964927517209214	-0.02482463758604606
2.4730054	1	1	-0	0.7500000000000001	0.7500000000000001
2.4730054	0.5404306475200881	0.3363340998683881	0.1226340677679944	0.04958908208125804	-0.02479454104062901
2.4740052	1	1	-0	0.7500000000000001	0.7500000000000001
2.4740052	0.5402656553082615	0.3361714759908251	0.122534969539465	0.04952898625252079	-0.02476449312626041
2.475005	1	1	-0	0.7500000000000001	0.7500000000000001
2.475005	0.5401007317122049	0.3360090158421164	0.1224359913814757	0.04946898748951044	-0.02473449374475522
2.4760048	1	1	-0	0.7500000000000001	0.7500000000000001
2.4760048	0.5399358767532114	0.3358467191717157	0.1223371331001299	0.04940908559633242	-0.02470454279816622
2.4770046	1	1	-0	0.7500000000000001	0.7500000000000001
2.4770046	0.5397710904523297	0.335684585729587	0.1222383945019222	0.04934928037756661	-0.0246746401887833
2.4780044	1	1	-0	0.7500000000000001	0.7500000000000001
2.4780044	0.5396063728303644	0.335522615266203	0.1221397753937372	0.04928957163826554	-0.02464478581913276
2.4790042	1	1	-0	0.7500000000000001	0.7500000000000001
2.4790042	0.539441723907877	0.3353608075325432	0.1220412755828493	0.04922995918395349	-0.02461497959197676
2.480004	1	1	-0	0.7500000000000001	0.7500000000000001
2.480004	0.5392771437051871	0.3351991622800933	0.1219428948769209	0.04917044282062486	-0.02458522141031243
2.4810038	1	1	-0	0.7500000000000001	0.7500000000000001
2.4810038	0.5391126322423733	0.335037679260844	0.1218446330840022	0.04911102235474296	-0.02455551117737148
2.4820036	1	1	-0	0.7500000000000001	0.7500000000000001
2.4820036	0.5389481895392739	0.3348763582272885	0.1217464900125297	0.04905169759323867	-0.02452584879661934
2.4830034	1	1	-0	0.7500000000000001	0.7500000000000001
2.4830034	0.538783815615489	0.3347151989324234	0.1216484654713256	0.04899246834350915	-0.02449623417175457
2.4840032	1	1	-0	0.7500000000000001	0.7500000000000001
2.4840032	0.5386195104903801	0.3345542011297454	0.1215505592695966	0.04893333441341648	-0.02446666720670822
2.485003	1	1	-0	0.7500000000000001	0.7500000000000001
2.485003	0.5384552741830717	0.334393364573251	0.1214527712169335	0.04887429561128639	-0.02443714780564318
2.4860028	1	1	-0	0.7500000000000001	0.7500000000000001
2.4860028	0.5382911067124518	0.3342326890174351	0.1213551011233095	0.04881535174590691	-0.02440767587295346
2.4870026	1	1	-0	0.7500000000000001	0.7500000000000001
2.4870026	0.5381270080971743	0.3340721742172901	0.1212575487990799	0.04875650262652718	-0.02437825131326359
2.4880024	1	1	-0	0.7500000000000001	0.7500000000000001
2.4880024	0.537962978355658	0.3339118199283036	0.1211601140549809	0.04869774806285596	-0.02434887403142798
2.4890022	1	1	-0	0.7500000000000001	0.7500000000000001
2.4890022	0.5377990175060893	0.3337516259064586	0.1210627967021289	0.04863908786506052	-0.02431954393253025
2.490002	1	1	-0	0.7500000000000001	0.7500000000000001
2.490002	0.5376351255664216	0.3335915919082312	0.1209655965520192	0.04858052184376528	-0.02429026092188265
2.4910018	1	1	-0	0.7500000000000001	0.7500000000000001
2.4910018	0.5374713025543776	0.3334317176905895	0.1208685134165255	0.04852204981005053	-0.02426102490502527
2.4920016	1	1	-0	0.7500000000000001	0.7500000000000001
2.4920016	0.5373075484874497	0.3332720030109929	0.1207715471078987	0.04846367157545109	-0.02423183578772554
2.4930014	1	1	-0	0.7500000000000001	0.7500000000000001
2.4930014	0.5371438633829002	0.3331124476273903	0.1206746974387661	0.04840538695195521	-0.02420269347597762
2.4940012	1	1	-0	0.7500000000000001	0.7500000000000001
2.4940012	0.5369802472577636	0.3329530512982192	0.1205779642221305	0.04834719575200305	-0.02417359787600153
2.495001	1	1	-0	0.7500000000000001	0.7500000000000001
2.495001	0.5368167001288472	0.3327938137824043	0.1204813472713694	0.04828909778848562	-0.0241445488942428
2.4960008	1	1	-0	0.7500000000000001	0.7500000000000001
2.4960008	0.5366532220127312	0.3326347348393569	0.120384846400234	0.04823109287474347	-0.02411554643737173
2.4970006	1	1	-0	0.7500000000000001	0.7500000000000001
2.4970006	0.5364898129257701	0.3324758142289722	0.1202884614228481	0.04817318082456534	-0.02408659041228267
2.4980004	1	1	-0	0.7500000000000001	0.7500000000000001
2.4980004	0.5363264728840943	0.3323170517116297	0.1201921921537076	0.04811536145218696	-0.02405768072609347
2.4990002	1	1	-0	0.7500000000000001	0.7500000000000001
2.4990002	0.5361632019036096	0.3321584470481912	0.1200960384076792	0.04805763457228983	-0.02402881728614491
2.5	1	1	-0	0.7500000000000001	0.7500000000000001
2.5	0.536	0.3320000000000001	0.12	0.04800000000000001	-0.024
