0.02	0.96091883578059825463507959719792
0.04	0.92361868134911153260491566796617
0.06	0.88801745226890771759976720431367
0.08	0.85403680240504678301383529438671
0.1	0.82160195619013718972663220733167
0.12	0.79064154831396389751663739824912
0.14	0.76108747051216646705713333424658
0.16	0.73287472514330811835310819763379
0.18	0.70594128525713515399861902062075
0.2	0.68022796086970659436723201362425
0.22	0.65567827117340085876825173760238
0.24	0.63223832242160346901307681866088
0.26	0.60985669123916965640441636899567
0.28	0.58848431312056006809518813553142
0.3	0.56807437588788722422957819000425
0.32	0.54858221789100482411621975397012
0.34	0.52996523074124044649975037729296
0.36	0.51218276637943283770119055847275
0.38	0.495196048287605261244051420592
0.4	0.47896808666190298278521672486992
0.42	0.46346359737236186514364245351421
0.44	0.44864892454267155151599311050258
0.46	0.43449196659036547194430930031171
0.48	0.42096210557482494739062655538162
0.5	0.4080301397071394196011190574597
0.52	0.3956682188822321643294225099678
0.54	0.38384978309975306440210950911437
0.56	0.37254950364606891759284032919563
0.58	0.36174322691525862060553219174012
0.6	0.35140792075235621239358818513195
0.62	0.34152162320718952510019987927755
0.64	0.33206339359204598590551945588959
0.66	0.32301326574106942275209363764759
0.68	0.31435220337376163183452581948232
0.7	0.30606205746923865834817160032024
0.72	0.29812552556198254707899126956838
0.74	0.29052611287374270379250238782285
0.76	0.28324809519998459992485435775364
0.78	0.27627648347286465415562444914058
0.8	0.26959698992613572569689940562578
0.82	0.26319599579066444771917799671537
0.84	0.257060520452376021573385349117
0.86	0.25117819200744021597994482537678
0.88	0.24553721915238004067622172969412
0.9	0.24012636434952751072128336923488
0.92	0.23493491821087446503039647857962
0.94	0.22995267504587569993692810607477
0.96	0.22516990952116165452579766596399
0.98	0.22057735438241325706658903575984
1	0.21616617919084682702650012625667
1.02	0.21192797002885644739711696445718
1.04	0.2078547101313691147867577983046
1.06	0.20393876140138819998040565706583
1.08	0.20017284677003709977158699557863
1.1	0.19655003336317105962098722737775
1.12	0.19306371643830446828740524369187
1.14	0.18970760405720679322331732018121
1.16	0.18647570246105591981494387183722
1.18	0.18336230211650602250772804012108
1.2	0.18036196440243114479265523214207
1.22	0.17746950890844818607844378225779
1.24	0.17468000131760665495999166264552
1.26	0.17198874184685990392576862489791
1.28	0.16939125422010605392257198303273
1.3	0.16688327514970878708418945867283
1.32	0.16446074430348087036093644900233
1.34	0.16211979473513881344862170766248
1.36	0.15985674375721751077173190274293
1.38	0.15766808423637103050560891873009
1.4	0.15555047629188177039451476018729
1.42	0.15350073937905679620786445716665
1.44	0.15151584474000903240938807929567
1.46	0.14959290820510373020306636751365
1.48	0.14772918332909886882274318412999
1.5	0.14592205484672335709194066014518
1.52	0.14416903243312053423260629122266
1.54	0.14246774475523789976028121307486
1.56	0.14081593380086855062650994430816
1.58	0.13921144947264673111190350873825
1.6	0.13765224443487041433047633664551
1.62	0.13613636920156908835366925050964
1.64	0.13466196745475601969772098112328
1.66	0.13322727158230226920341221841735
1.68	0.13183059842534565135459293012743
1.7	0.13047034522560262519845405229671
1.72	0.12914498576338570868073482121248
1.74	0.12785306667754430369675328273495
1.76	0.12659320395894365338239940451344
1.78	0.12536407960947583627186186587868
1.8	0.12416443845895900890137990524434
1.82	0.12299308513262728055137195965161
1.84	0.1218488811622443501925152636005
1.86	0.12073074223419003461026831978288
1.88	0.1196376355681707169060650305745
1.9	0.11856857742049316666561338346953
1.92	0.11752263070611672059017267272384
1.94	0.11649890273396203300582141892514
1.96	0.11549654305020605236946407085698
1.98	0.11451474138453307198704798596869
2	0.1135527256945411373164262367
2.02	0.11260976030372224344826485960425
2.04	0.11168514412864407891938788361448
2.06	0.11077820899116100035796401361658
2.08	0.10988831801167287205819222426941
2.1	0.10901486407963277274864855898904
2.12	0.10815726839767873849935485741145
2.14	0.10731497909593103923685816051802
2.16	0.10648746991315532413530479932645
2.18	0.10567423894164365044652119616229
2.2	0.10487480743281024879502961981922
2.22	0.10408871866063717934663458855731
2.24	0.10331553684023708799752533472178
2.26	0.10255484609892635752208941903242
2.28	0.10180624949732233097347030917365
2.3	0.10106936809809321740629467408002
2.32	0.1003438400800990158904779334846
2.34	0.099629319895766544847151409306742
2.36	0.098925477469641661798733215906438
2.38	0.098231997436157215762445182933467
2.4	0.097548578414746393473404703486692
2.42	0.096874932320518095215052199253525
2.44	0.096210783708793991537096434643183
2.46	0.095555869151886145663028843205379
2.48	0.094909936646569707227805004728692
2.5	0.09427274505077735296785935884
2.52	0.093644063548111023791499652515325
2.54	0.093023671138832233135923538657079
2.56	0.092411356156054939980618317127229
2.58	0.091806915805924826399156674722825
2.6	0.091210155730625923179259442936392
2.62	0.090620889593110011196043752434054
2.64	0.090038938682496208791847143355908
2.66	0.089464131539137749077926647375017
2.68	0.088896303598400263511231753145421
2.7	0.08833529685224102221729749902835
2.72	0.087780959527721635662827673348292
2.74	0.087233145781627790394534727381808
2.76	0.086691715410408763442743681436192
2.78	0.086156533574686821433591065545046
2.8	0.085627470537622243438100498953017
2.82	0.085104401416453689434764970768783
2.84	0.084587205946566043808746941129612
2.86	0.084075768257468767052582837934208
2.88	0.083569976660097257077228242745104
2.9	0.083069723444877819545407898602854
2.92	0.082574904690023636742964509005362
2.94	0.082085420079554666262525568387788
2.96	0.081601172730558751077346295682296
2.98	0.081122069029234435774884097821233
3	0.080648018475278111708367735291667
3.02	0.080178933534199206192280488862879
3.04	0.079714729497167234972095178301558
3.06	0.079255324348013698271773272214567
3.08	0.078800638637030061964653854966058
3.1	0.078350595361220468082687477965662
3.12	0.077905119850684402377858673788317
3.14	0.07746413966082034860671445987075
3.16	0.077027584470056515557698951339929
3.18	0.076595385982829067895086441406921
3.2	0.076167477837541958418267541166179
3.22	0.075743795519255478617231405480433
3.24	0.075324276276863046316976083342858
3.26	0.074908859044527562267201563852608
3.28	0.074497484367159918980270935695208
3.3	0.074090094329732960948126798706767
3.32	0.073686632490234400397395960460821
3.34	0.073287043816071910665299264644362
3.36	0.072891274623752872715620547303121
3.38	0.072499272521670060854709535694071
3.4	0.072110986355832941961424317365917
3.42	0.071726366158392248183343208130992
3.44	0.071345363098813084849862676369267
3.46	0.070967929437559071230483268179133
3.48	0.070594018482156898825684880591612
3.5	0.070223584545517246439424427312925
3.52	0.069856582906394228921679521948446
3.54	0.069492969771871492049406010804688
3.56	0.069132702241768713717118712356133
3.58	0.06877573827486764496650299252
3.6	0.068422036656861936309809196469908
3.62	0.068071556969939857613312773127092
3.64	0.067724259563913645257815576822446
3.66	0.067380105528813609595430362861688
3.68	0.06703905666886931957195017183685
3.7	0.066701075477804159985272876917458
3.72	0.066366125115373339935296051115012
3.74	0.066034169385079027872704045607062
3.76	0.065705172712999708127362666606542
3.78	0.065379100127674104336198558912592
3.8	0.065055917240983104848961489554479
3.82	0.064735590229976061648275860921896
3.84	0.064418085819590624901583935405592
3.86	0.064103371266217926950423494870108
3.88	0.063791414342067448995637649125838
3.9	0.063482183320288297304238994795092
3.92	0.063175646960805889497492612914108
3.94	0.062871774496835211150663181891871
3.96	0.062570535622033854043559524883729
3.98	0.062271900478259995191021514950171
4	0.061975839643902325251841579583333
4.02	0.061682324122750690827025936909567
4.04	0.06139132533337788205394495908285
4.06	0.061102815099004579108636894145292
4.08	0.060816765637820972867604246789096
4.1	0.060533149553739999981955719586554
4.12	0.060251939827558484724483175890358
4.14	0.059973109808503762751229721181746
4.16	0.059696633206144578771663974378238
4.18	0.059422484082646204283210495791458
4.2	0.059150636845350816080617505905142
4.22	0.058881066239665214136108576336633
4.24	0.058613747342238941460481308452371
4.26	0.058348655554416801363133229279171
4.28	0.058085766595950651668259836648762
4.3	0.057825056498956193331908644312242
4.32	0.057566501602101264841410704143092
4.34	0.057310078545012905956031325654612
4.36	0.057055764262891166851547203781246
4.38	0.056803535981318313547795330233592
4.4	0.056553371211252719517506015625
4.42	0.056305247744197338396364866991871
4.44	0.056059143647533225450912895158671
4.46	0.055815037260009117542540863144912
4.48	0.055572907187378594303569468595542
4.5	0.055332732298176828591184822016462
4.52	0.055094491719629393411145932858225
4.54	0.054858164833686026741760370980421
4.56	0.054623731273172666310644391583629
4.58	0.054391170918055454591260265306092
4.6	0.054160463891810781243101600307183
4.62	0.053931590557895777012338680169038
4.64	0.053704531516314000778777976599658
4.66	0.053479267600271370969084019859762
4.68	0.053255779872917684895641314041688
4.7	0.053034049624169345619125010940092
4.72	0.052814058367609176520570530012629
4.74	0.052595787837459449713198134573046
4.76	0.052379219985624486493118925511379
4.78	0.052164336978799406950842356576392
4.8	0.051951121195641812335420070167825
4.82	0.051739555224003378438711664528846
4.84	0.051529621858218521774333344894758
4.86	0.051321304096447473258693017839704
4.88	0.051114585138071257024626291585483
4.9	0.050909448381136225447625294842425
4.92	0.050705877419845945949557833190121
4.94	0.050503856042098371148440329500567
4.96	0.050303368227066351904100385408538
4.98	0.050104398142819673203988729684467
5	0.049906930143986906054352037833333
5.02	0.049710948769455474981740479152446
5.04	0.049516438740108440780613540748088
5.06	0.049323384956596592117754733058371
5.08	0.049131772497144527858283411931408
5.1	0.048941586615389494828967973856208
5.12	0.048752812738251823483584769566854
5.14	0.0485654364638358768679039535673
5.16	0.048379443559360496669343252671612
5.18	0.04819481995911799423512513012875
5.2	0.048011551762460794496197209381162
5.22	0.047829625231814896972771988447029
5.24	0.047649026790719370679530445729658
5.26	0.047469743021891149001217961924175
5.28	0.047291760665314436668497020393329
5.3	0.047115066616354084015067839978642
5.32	0.046939647923892323915904296102096
5.34	0.046765491788488304359273188769188
5.36	0.0465925855605598846493925095256
5.38	0.046420916738587195921055228587683
5.4	0.046250472967337497113181447187929
5.42	0.046081242036110885928310562787362
5.44	0.045913211877006450725512855820179
5.46	0.045746370563208473874214842824046
5.48	0.045580706307292319948596407029767
5.5	0.045416207459549663372941449035812
5.52	0.045252862506332729838139500411329
5.54	0.045090660068417244093403819503275
5.56	0.044929588899383793664862571273917
5.58	0.044769637884017333748651790990608
5.6	0.044610796036724573050391357089712
5.62	0.044453052499968993770852911827779
5.64	0.044296396542723271340348203320171
5.66	0.044140817558938870948946120357767
5.68	0.043986305066032608469294093123883
5.7	0.043832848703389973083165565045654
5.72	0.04368043823088501785802370760795
5.74	0.043529063527416632728763434210688
5.76	0.043378714589461021872156865626204
5.78	0.043229381529640214364245835877604
5.8	0.043081054575306443328088251833133
5.82	0.042933724067142234552344261109342
5.84	0.042787380457776050829169410595329
5.86	0.042642014310413343059406445716704
5.88	0.042497616297482863538553179279079
5.9	0.042354177199298100800750562577804
5.92	0.042211687902733698990416879479775
5.94	0.042070139399916727980605113518271
5.96	0.041929522786932673390367482977492
5.98	0.04178982926254601829537561450655
6	0.041651050126935290800196679398148
6.02	0.041513176780442453768887405354245
6.04	0.041376200722336514913463350931246
6.06	0.041240113549591237136508857156342
6.08	0.041104906955676830532649536696388
6.1	0.040970572729365508790548318104452
6.12	0.040837102753550793918142394485027
6.14	0.040704489004080454253573744814269
6.16	0.040572723548602961636262592588688
6.18	0.040441798545427354409474125305907
6.2	0.040311706242396393619285531564342
6.22	0.040182438975772900376016960725523
6.24	0.040053989169139162863079260149572
6.26	0.039926349332309301924244807881405
6.28	0.039799512060254484542271333269098
6.3	0.039673470032040874847695389266818
6.32	0.03954821600978021257390589323626
6.34	0.039423742837592909110218521015567
6.36	0.039300043440583551504934680029798
6.38	0.039177110823828704941146821146281
6.4	0.039054938071376904354702972412109
6.42	0.038933518345260725991216299822401
6.44	0.038812844884520829811794279975695
6.46	0.038692911004241863759410963953775
6.48	0.038573710094600120993298359069375
6.5	0.038455235619922841290822317554241
6.52	0.038337481117759047908125805685197
6.54	0.038220440197961811285175696801928
6.56	0.038104106541781831080267937921376
6.58	0.037988473900972228125785775491727
6.6	0.037873536096904438013107801499847
6.62	0.037759287019695098141812523388797
6.64	0.03764572062734382020832779536822
6.66	0.037532830944881740263317615663712
6.68	0.037420612063530738636605428738332
6.7	0.037309058139873222214354143461795
6.72	0.037198163395032361756445450901715
6.74	0.037087922113862677163292075375616
6.76	0.036978328644150863841276803012266
6.78	0.036869377395826753575154535507
6.8	0.036761062840184303594450574899077
6.82	0.036653379509112507819433312407014
6.84	0.036546321994336124590802520789872
6.86	0.036439884946666115525924395164146
6.88	0.036334063075259690503284300987583
6.9	0.036228851146889854155743812574389
6.92	0.036124243985224349652084429678016
6.94	0.03602023647011389596499495988672
6.96	0.035916823536889615261892722370855
6.98	0.035814000175669547512457811991144
7	0.035711761430674149883209115646258
7.02	0.035610102399550678984441684726585
7.04	0.035509018232706354548029455600035
7.06	0.035408504132650203645504387724803
7.08	0.035308555353343485103991359842319
7.1	0.035209167199558594342561495734973
7.12	0.035110335026246349432790653405504
7.14	0.035012054237911559784327293008707
7.16	0.034914320287996779468483251927218
7.18	0.034817128678274147819748935064129
7.2	0.034720474958245220596139081790123
7.22	0.034624354724548695633783439865153
7.24	0.034528763620375937598701422168635
7.26	0.034433697334894207118571452061309
7.28	0.034339151602677500269008985805861
7.3	0.034245122203144905091789500844436
7.32	0.034151604960006382536042540709885
7.34	0.034058595740715879937094590748564
7.36	0.033966090455931685880802608843337
7.38	0.033874085058983936043325012913634
7.4	0.033782575545349180346754017531045
7.42	0.033691557952131922529340291652439
7.44	0.033601028357553043994606342977994
7.46	0.033510982880445024575979172207088
7.48	0.033421417679753873632076654799012
7.5	0.033332328954047685671994888888889
7.52	0.033243712941031735499349326736268
7.54	0.033155565917070028657845308370096
7.56	0.033067884196713223759434445074326
7.58	0.032980664132232844078058536559896
7.6	0.032893902113161696597185263734995
7.62	0.032807594565840417507322114181265
7.64	0.032721737952970063960025352809225
7.66	0.032636328773170672697180628177073
7.68	0.032551363560545706988047988326461
7.7	0.032466838884252314121403974813066
7.72	0.032382751348077316515627726583264
7.74	0.032299097590018860325392423777061
7.76	0.032215874281873646239413324897262
7.78	0.032133078128829667979025892528686
7.8	0.032050705869064384821965674994521
7.82	0.031968754273348255289188295689676
7.84	0.031887220144653559944647900614328
7.86	0.031806100317768442068253854562563
7.88	0.031725391658916095770571098198871
7.9	0.031645091065379031923746127757304
7.92	0.031565195465128353086567883166684
7.94	0.031485701816457969402116617177107
7.96	0.031406607107623688243831700377937
7.98	0.031327908356487111179876055531477
8	0.0312496026101642726162509765625
8.02	0.031171686944678955265634490249853
8.04	0.03109415846462061837168344378852
8.06	0.031017014302806875396895338312532
8.08	0.030940251619950458656149417540764
8.1	0.03086386760433060914747434334197
8.12	0.030787859471468830596218236105382
8.14	0.030712224463808947488458276234689
8.16	0.030636959850401407624256095412021
8.18	0.030562062926591770470515679206445
8.2	0.030487531013713323337475832837597
8.22	0.030413361458783768141135501210625
8.24	0.030339551634205922246973751649543
8.26	0.030266098937472377617395672718958
8.28	0.030193000790874063206616548810941
8.3	0.03012025464121265626210565152175
8.32	0.030047857959516788900990984613844
8.34	0.029975808240761997033062998042813
8.36	0.029904103003594359398912117587357
8.38	0.029832739790057775182670363387465
8.4	0.029761716165324829342893754724112
8.42	0.02969102971743119548340254230116
8.44	0.029620678057013526757312677350763
8.46	0.029550658817050785962369035576495
8.48	0.029480969652608966644538434867094
8.5	0.029411608240589157678260092272203
8.52	0.029342572279478904437400928130074
8.54	0.029273859489106820309457194595118
8.56	0.029205467610400402937409130528139
8.58	0.029137394405147010199165312801676
8.6	0.029069637655757951552749233820083
8.62	0.029002195165035650987670873685363
8.64	0.028935064755943838427656790302069
8.66	0.028868244271380727028593455260486
8.68	0.028801731573955134407154315940736
8.7	0.028735524545765506420462852864755
8.72	0.028669621088181802695685666715765
8.74	0.02860401912163020367947153726521
8.76	0.028538716585380599542819730266953
8.78	0.02847371143733682183431726865953
8.8	0.028409001653829579326934293216253
8.82	0.028344585229412060048000083127229
8.84	0.028280460176658162020650661500242
8.86	0.028216624525963315776643023234089
8.88	0.028153076325347862225475052755458
8.9	0.028089813640262949983809914573076
8.92	0.028026834553398916781008273173936
8.94	0.027964137164496120062676001414684
8.96	0.027901719590158182413152058919271
8.98	0.027839579963667617911033634092423
9	0.027777716434803806018578189300412
9.02	0.027716127169663280085790097721578
9.04	0.027654810350482298024626190219803
9.06	0.027593764175461663176239427445515
9.08	0.027532986858593763856083063258877
9.1	0.027472476629491800517570341746166
9.12	0.027412231733221169924079203857597
9.14	0.027352250430132976163445240341108
9.16	0.027292530995699638775639925503582
9.18	0.027233071720352568697368098373054
9.2	0.027173870909321883151967155009452
9.22	0.027114926882478131034031146725892
9.24	0.027056237974176000751636455776066
9.26	0.026997802533099982898802221092291
9.28	0.026939618922111960532268171881193
9.3	0.026881685518100700226114772420704
9.32	0.026824000711833217467190445271295
9.34	0.026766562907807990343468339378266
9.36	0.026709370524109995855800429785472
9.38	0.026652421992267543561192855400124
9.4	0.026595715757110881625410253508375
9.42	0.026539250276632550727069162147664
9.44	0.026483024021849461616474178277315
9.46	0.026427035476666672487231576296919
9.48	0.026371283137742842666717851483915
9.5	0.026315765514357339478771929824561
9.52	0.026260481128278975469383525469011
9.54	0.026205428513636353522760651755747
9.56	0.02615060621678979772402462170947
9.58	0.026096012796204848151004325004395
9.6	0.026041646822327298096684208622685
9.62	0.025987506877459752542140133096474
9.64	0.025933591555639687007996734445573
9.66	0.025879899462518986221725877916804
9.68	0.025826429215244942339430473499078
9.7	0.025773179442342692757621249158607
9.72	0.025720148783599077845271158980959
9.74	0.025667335889947899214747711547462
9.76	0.025614739423356559435918148963092
9.78	0.025562358056714064375571537701275
9.8	0.025510190473720369625429508538109
9.82	0.025458235368777052749114924029683
9.84	0.025406491446879293351990589265649
9.86	0.025354957423509143235640412701417
9.88	0.0253036320245300691666606907724
9.9	0.025252513986082751039094650205761
9.92	0.025201602054482118466685093652445
9.94	0.025150894986115609088337030904407
9.96	0.025100391547342632115325424858739
9.98	0.025050090514395220890118580514402
10	0.024999990673279858465504166666667
10.02	0.024950090819680460445505363192444
10.04	0.02490038975886249956071299132818
10.06	0.024850886305578256678262103983126
10.08	0.024801579283973183170072620097422
10.1	0.02475246752749335978403261118191
10.12	0.02470354987879403737706806855286
10.14	0.024654825189649245088687695082779
10.16	0.024606292320862451736294097588195
10.18	0.024557950142178266427335144864605
10.2	0.024509797532195164586056644880174
10.22	0.024461833378279225788882357221365
10.24	0.024414056576478870009422302246094
10.26	0.024366466031440579060136578903037
10.28	0.024319060656325590215810421051038
10.3	0.024271839372727549189760266440444
10.32	0.024224801110591109822720739939507
10.34	0.024177944808131468023882077701165
10.36	0.024131269411754817690048535849694
10.38	0.024084773875979716497485406820834
10.4	0.024038457163359349648938301282051
10.42	0.02399231824440467981881114741939
10.44	0.02394635609750847171447069675039
10.46	0.023900569708870179841153345105394
10.48	0.023854958072421688218380339141076
10.5	0.023809520189753890961073318216175
10.52	0.023764255070044102792804881281113
10.54	0.023719161729984288727688082027204
10.56	0.023674239193710102297014295416284
10.58	0.023629486492730721860955566434749
10.6	0.023584902665859474690466654800048
10.62	0.023540486759145238654570135586127
10.64	0.023496237825804611493047703846081
10.66	0.023452154926154837794633313269198
10.68	0.0234082371275474839478215432956
10.7	0.02336448350430285147127114449588
10.72	0.023320893137645119258788554893443
10.74	0.02327746511563820541223513391985
10.76	0.0232341985331223394807156133829
10.78	0.023191092491651336031933434530837
10.8	0.023148146099430560639431870141747
10.82	0.02310535847125557945934168372164
10.84	0.023062728728451483734498611130023
10.86	0.023020255998812880658546125870078
10.88	0.02297793941654454216906273653763
10.9	0.022935778122202703341434503268524
10.92	0.022893771262637002198843459145657
10.94	0.02285191799093305284586470772381
10.96	0.022810217466355643947813437938445
10.98	0.022768668854292554714275997757141
11	0.022727271326198980626997245179063
11.02	0.022686024059542561274055695907897
11.04	0.02264492623774900276402125778898
11.06	0.022603977050148287289785726820772
11.08	0.022563175691921462515768429581167
11.1	0.022522521364048003580709087465844
11.12	0.022482013273253740579624879233304
11.14	0.022441650631959344517327211368932
11.16	0.022401432658229364811562993795044
11.18	0.022361358575721811509139755697146
11.2	0.022321427613638275489277742346939
11.22	0.022281639006674580026502309452923
11.24	0.022241991994971957141025316295386
11.26	0.022202485824068742317860737169881
11.28	0.022163119744852581189784949616887
11.3	0.022123893013513141939789072493278
11.32	0.022084804891495327195565246163643
11.34	0.022045854645452979360620944003268
11.36	0.022007041547203073290553916220327
11.38	0.021968364873680390451341164212696
11.4	0.02192982390689266862784702985534
11.42	0.021891417933876221469590225360205
11.44	0.021853146246652022119689023098114
11.46	0.02181500814218224534879648157793
11.48	0.021777002922327262618964153180606
11.5	0.021739129893803084632955261499685
11.52	0.021701388368139245944866918242027
11.54	0.021663777661637126348323015818188
11.56	0.021626297095328703762876003240702
11.58	0.02158894599493573345462667155867
11.6	0.021551723690829348475277447483155
11.62	0.021514629517990076281583180521447
11.64	0.021477662815968266605887093917172
11.66	0.02144082292884492557649948463567
11.68	0.021404109205192951348165697128917
11.7	0.021367520998038766454208975576497
11.72	0.021331057664824342093081554046446
11.74	0.021294718567369609802693122906201
11.76	0.021258503071835255901644955034168
11.78	0.021222410548685894144488226426189
11.8	0.021186440372653612167241214210476
11.82	0.021150591922701887349178264301045
11.84	0.021114864581989867625193552927928
11.86	0.021079257737837013149712734383812
11.88	0.02104377078168809441095390870924
11.9	0.021008403109078542694430713461855
11.92	0.020973154119600148861303169526898
11.94	0.020938023216867106150634991447092
11.96	0.020903009808482393278423899061532
11.98	0.020868113306004493682315080875843
12	0.020833333124914447032986111111111
12.02	0.020798668684583229248857745871874
12.04	0.020764119408239457157102294676659
12.06	0.020729684722937413958916033431516
12.08	0.020695364059525391984703704515884
12.1	0.020661156852614348976618172711336
12.12	0.020627062540546874174577111176464
12.14	0.020593080565366460969100653459954
12.16	0.020559210372787082185331363977378
12.18	0.020525451412163064938619125811244
12.2	0.020491803136459261352515004926991
12.22	0.020458265002221511896486758937572
12.24	0.020424836469547397933108882623492
12.26	0.020391517002057280289996425108688
12.28	0.020358306066865620432643847680082
12.3	0.020325203134552581322845748782691
12.32	0.020292207679135904322020647101816
12.34	0.020259319178043059634417245222916
12.36	0.020226537112083666618445903722555
12.38	0.020193860965422181314338707053519
12.4	0.020161290225550847996336281651058
12.42	0.02012882438326291179004566423176
12.44	0.020096462932626089576160640743306
12.46	0.020064205370956296051591953534349
12.48	0.020032051198791622311510382423844
12.5	0.019999999919866563888
12.52	0.019968051041086495908995022234925
12.54	0.019936204072502391859605880003765
12.56	0.019904458527285784296945785495017
12.58	0.019872813921703963596943525401395
12.6	0.019841269775095413286302175191064
12.62	0.019809825609845478425603378197932
12.64	0.019778480951362265086203299417828
12.66	0.019747235328052767813170979654212
12.68	0.01971608827129922330066392009739
12.7	0.019685039315435686958790584247835
12.72	0.019654087997724830388207382355656
12.74	0.01962323385833495754614489196234
12.76	0.019592476440317236780606027849569
12.78	0.01956181528958314612359720252775
12.8	0.019531249954882130793253580729167
12.82	0.019500779987779468885658702479145
12.84	0.019470404942634344136476418771816
12.86	0.019440124376578123616818519333702
12.88	0.019409937849492836642868394995049
12.9	0.019379844923989855059291308615268
12.92	0.019349845165388770495060497720352
12.94	0.019319938141696467686233852274238
12.96	0.019290123423586391909420565970635
12.98	0.019260400584378007206871936834591
13	0.01923076920001644491370808678501
13.02	0.019201228849052338956452045496196
13.04	0.01917177911262184761944528084108
13.06	0.019142419574426857618409398800995
13.08	0.019113149820715370705970784352234
13.1	0.019083969440262068993648388788532
13.12	0.019054878024349059325155227543129
13.14	0.01902587516674679186435815519863
13.16	0.018996960463695153179113428984088
13.18	0.018968133513884732324328411021128
13.2	0.018939393918438255901821242730334
13.22	0.018910741280892192011923589542885
13.24	0.018882175207178521268973448581156
13.26	0.018853695305606672217558563046985
13.28	0.01882530118684562026579586417961
13.3	0.018796992463906147864963159779147
13.32	0.018768768752123264875235595956317
13.34	0.018740629669138786280585344509155
13.36	0.018712574834884067031543201023103
13.38	0.018684603871562891450364680270771
13.4	0.018656716403634515807158238657459
13.42	0.018628912057796862518258739948901
13.44	0.018601190462969864456741898148148
13.46	0.018573551250278957284143872439168
13.48	0.01854599405303871955503555841236
13.5	0.018518518506736657178783721993598
13.52	0.018491124249017132942977311718778
13.54	0.018463810919665436655037465808768
13.56	0.018436578160591998706357700797359
13.58	0.018409425615816740923439202442588
13.6	0.018382352931453566559436274509804
13.62	0.018355359755694986435182489831328
13.64	0.018328445738796881203542854521948
13.66	0.018301610533063395474848638803202
13.68	0.018274853792831967172235331669004
13.7	0.018248175174458486000852469497576
13.72	0.018221574336302582013907187198078
13.74	0.018195050938713042483545882603872
13.76	0.018168604644013358611812973228772
13.78	0.01814223511648739237538118881055
13.8	0.018115942022365173939298466708675
13.82	0.018089725029808818919845327178812
13.84	0.018063583808898569670442268925345
13.86	0.018037518031618954438218507482577
13.88	0.018011527371845069655818917190575
13.9	0.017985611505328980340907130410779
13.92	0.017959770109686231591235632183908
13.94	0.017934002864382489118665977781391
13.96	0.017908309450720276952775428773163
13.98	0.017882689551825847526065917452755
14	0.017857142852636149362244897959184
14.02	0.01783166903988591568630643133951
14.04	0.017806267802094858199202928547658
14.06	0.01778093882955497111292995473575
14.08	0.017755681814317947282607233557162
14.1	0.017730496450182695622285934644468
14.12	0.017705382432682969996816709333462
14.14	0.017680339459075096095687564311089
14.16	0.017655367228325811224225158798557
14.18	0.017630465441100198858719545795445
14.2	0.01760563379974973254727897903855
14.22	0.017580872008300412738376183514961
14.24	0.01755617977244100994143337331145
14.26	0.017531556799511402540116857374598
14.28	0.01750700279849102022344885666685
14.3	0.017482517479987369879537711705544
14.32	0.017458100556224675432128626863498
14.34	0.017433751741032598197977393019497
14.36	0.017409470749835056640589639538282
14.38	0.017385257299639143475039703188442
14.4	0.017361111109024134958526234567901
14.42	0.017337031898130573418923606769506
14.44	0.017313019388649471984880922235608
14.46	0.017289073303811586046498281136115
14.48	0.01726519336837677731334513598486
14.5	0.017241379308623467697185889813714
14.52	0.017217630852338187867277837225245
14.54	0.01719394772880519860310408700374
14.56	0.017170329668796208549063116370809
14.58	0.017146776404560169700556286273233
14.6	0.01712328766981315834740726840558
14.62	0.017099863199728344344927867116051
14.64	0.017076502730926034792518936566236
14.66	0.017053206001463806799816610179376
14.68	0.017029972750826708890481034085931
14.7	0.017006802719917561741249787897018
14.72	0.016983695651047317322200397763075
14.74	0.016960651287925504270616818461044
14.76	0.016937669375650769317511377462465
14.78	0.016914749660701454172549062692456
14.8	0.016891891890926299229973216459703
14.82	0.016869095815535165045472950863959
14.84	0.016846361185089899478837458799825
14.86	0.016823687751495205248990578734859
14.88	0.016801075267989632976295429144024
14.9	0.016778523489136624664054171734006
14.92	0.016756032170815630562882888063117
14.94	0.016733601070213321492126471078423
14.96	0.016711229945814806879545692851764
14.98	0.016688918557395019683565626442734
15	0.016666666666010072592592592592592
15.02	0.016644474033988761951072190770348
15.04	0.016622340424924075470730534178361
15.06	0.016600265603664833987056054959739
15.08	0.016578249336307330547132065471039
15.1	0.016556291390187080793240062570355
15.12	0.016534391533870631618130791411215
15.14	0.016512549537147433072913485583257
15.16	0.016490765171021746852105828651522
15.18	0.016469038207704689278359582535558
15.2	0.016447368420606241704178208679594
15.22	0.016425755584327409736767733628493
15.24	0.01640419947465239512076246374715
15.26	0.016382699868540825881316250092327
15.28	0.016361256544120098832839925806128
15.3	0.016339869280677718149714497273129
15.32	0.016318537858653736071723169426474
15.34	0.016297262059633239360246409502812
15.36	0.016276041666338879620587384259259
15.38	0.016254876462623517508763682420721
15.4	0.016233766233462814309608140776972
15.42	0.01621271076494801681327499280837
15.44	0.016191709844278726966663534591532
15.46	0.01617076325975565098095657281906
15.48	0.016149870800773599329077891063349
15.5	0.016129032257814382587582379465834
15.52	0.016108247422439748719643426506536
15.54	0.016087516087284550822195609840398
15.56	0.016066838046049731407075025938237
15.58	0.016046213093495559037155806325984
15.6	0.016025641025434820499123383738768
15.62	0.01600512163872607736396261400319
15.64	0.015984654731266924928539190612306
15.66	0.015964240101987505416559966551892
15.68	0.015943877550843737526898514507844
15.7	0.015923566878810908488512042408752
15.72	0.015903307887877169068214534679193
15.74	0.015883100381037074963928342124539
15.76	0.015862944162285167489607221692563
15.78	0.015842839036609750581372623038688
15.8	0.015822784809986460503124499278962
15.82	0.015802781289372165088919113733676
15.84	0.015782828282698580993542325613032
15.86	0.015762925598866396185729801589889
15.88	0.015743073047738912699570878989567
15.9	0.015723270440136095288952177524623
15.92	0.01570351758782860333914126747641
15.94	0.015683814303531757526525390330847
15.96	0.015664160400899689765872492425718
15.98	0.015644555694519345664663223689604
16	0.0156249999999048046875
16.02	0.015605493133491443669819716615155
16.04	0.015586034912630105495301646134041
16.06	0.015566625155581475160344639523745
16.08	0.015547263681510463398698877090501
16.1	0.015527950310480565950387716523282
16.12	0.015508684863448090225398017761741
16.14	0.015489467162256995788093340642366
16.16	0.015470297029633066764287814920106
16.18	0.015451174289178774542983931797358
16.2	0.015432098765367439541736523903876
16.22	0.015413070283538302461580720903443
16.24	0.015394088669890878282050037613143
16.26	0.015375153751479910555563120206848
16.28	0.015356265356209944483516350838218
16.3	0.015337423312830121570251044450299
16.32	0.015318627450929086018598615916955
16.34	0.015299877600929851465717038033585
16.36	0.015281173594084537208350021819573
16.38	0.015262515262469670642747565824489
16.4	0.015243902438980457131171921475312
16.42	0.01522533495732682000550906151604
16.44	0.01520681265202748097976766259573
16.46	0.015188335358405631716639919448304
16.48	0.01516990291258366152362773745562
16.5	0.015151515151478921028466483011938
16.52	0.015133171912798122875981763001092
16.54	0.015114873035033074217742874869565
16.56	0.015096618357455742111834581903895
16.58	0.015078407720113695559490775433945
16.6	0.015060240963825618740020322252867
16.62	0.015042117930175882362311222325037
16.64	0.015024038461510788054155880177515
16.66	0.015006002400933827912917868227723
16.68	0.014988009592300575007619803437825
16.7	0.014970059880214884602053378273393
16.72	0.014952153110024118991476080370565
16.74	0.014934289127814750700264118642608
16.76	0.014916467780407744672791793165908
16.78	0.014898688915354418914433106366576
16.8	0.014880952380932155848450491307634
16.82	0.014863258026139790385056764331762
16.84	0.014845605700693841060100841979752
16.86	0.01482799525502338648662466749877
16.88	0.014810426540267031639563352125963
16.9	0.014792899408267305066349217464375
16.92	0.01477541371156782741571610340787
16.94	0.014757969303408428804210708257075
16.96	0.014740566037720972325746113682212
16.98	0.014723203769125886802783754924498
17	0.014705882352927566320645905420992
17.02	0.01468860164511005059368876872581
17.04	0.014671361502334617708861410507909
17.06	0.014654161781933617506105614416534
17.08	0.014637002341908634254561808598742
17.1	0.014619883040924486736659712960113
17.12	0.014602803738306796376866975281684
17.14	0.014585764294038399307961932460025
17.16	0.014568764568754394967244617594268
17.18	0.014551804423738733504002226194558
17.2	0.014534883720920852487831260140617
17.22	0.01451800232287143491146210615914
17.24	0.014501160092798508567460338822465
17.26	0.014484356894545657781137507065949
17.28	0.014467592592584666673811156835848
17.3	0.014450867052015339080267744773742
17.32	0.014434180138560878904895753884228
17.34	0.014417531718562477855425138144454
17.36	0.014400921658979441965391775857065
17.38	0.014384349827381180966707761656124
17.4	0.014367816091947444620601576606333
17.42	0.014351320321463341466297409886011
17.44	0.014334862385315223952634458378924
17.46	0.01431844215348797305530516049995
17.48	0.014302059496561628348929232842329
17.5	0.01428571428570888435374149659864
17.52	0.014269406392688566296053043097517
17.54	0.014253135689846729222276107128973
17.56	0.014236902050109138772283940688007
17.58	0.01422070534698035698338555681099
17.6	0.014204545454541069430096418732782
17.62	0.014188422247442057768942268421114
17.64	0.014172335600903146279927944974916
17.66	0.014156285390709735975925443777369
17.68	0.014140271493208670737699883294773
17.7	0.014124293785306478555544915786226
17.72	0.014108352144465677744430120238405
17.74	0.014092446448700449771999998305305
17.76	0.014076576576573538276452127803479
17.78	0.014060742407195673234883884733756
17.8	0.014044943820222220468796027437613
17.82	0.014029180695843951003571903933545
17.84	0.014013452914793885987049809970038
17.86	0.013997760358339791426578167799237
17.88	0.013982102908274146601671262722567
17.9	0.013966480446924773467328318924711
17.92	0.013950892857140521613919005102041
17.94	0.013935340022294731561126791605198
17.96	0.01391982182627791094786236179384
17.98	0.013904338153501444360169479292074
18	0.013888888888886188271604938271605
18.02	0.013873473917866981357910785196536
18.04	0.013858093126383376720533986230812
18.06	0.013842746400882486580354153559748
18.08	0.013827433628315397438784034249615
18.1	0.013812154696130943296399173814393
18.12	0.013796909492271319524647229572452
18.14	0.013781697905180019060376904366261
18.16	0.013766519823787030118962137825302
18.18	0.01375137513751160823819822392947
18.2	0.013736263736260088354868574648795
18.22	0.013721185510424084541380043000077
18.24	0.013706140350876191071611777982969
18.26	0.013691128148956100214859237807548
18.28	0.013676148796498656525368408116231
18.3	0.013661202185790607861287786039197
18.32	0.013646288209605621277562721280423
18.34	0.013631406761175028253828190561814
18.36	0.01361655773420516384961149795188
18.38	0.01360174102284697809473402947409
18.4	0.013586956521736915170132325141777
18.42	0.013572204125945756178570319834418
18.44	0.0135574837310176847229214995224
18.46	0.013542795232935588920359951748718
18.48	0.013528138528135599970015554431139
18.5	0.013513513513513757000243486729973
18.52	0.013498920086392967072353434187468
18.54	0.013484358144550622249064871157225
18.56	0.013469827586206170806703329369798
18.58	0.013455328310009436593008520645794
18.6	0.013440860215047741550082861217096
18.62	0.013426423200858810367948411769027
18.64	0.013412017167378976212185402813338
18.66	0.013397642015001888785115798897708
18.68	0.013383297644533882956040882392051
18.7	0.013368983957219251336898395721925
18.72	0.013354700854698476727055786884847
18.74	0.013340448239058459543180529912408
18.76	0.013326226012786073440291688071976
18.78	0.013312034078806060344863435637048
18.8	0.013297872340423174136109853629093
18.82	0.013283740701374450722262815351205
18.84	0.013269639065818583655260599558542
18.86	0.013255567338276221470776651609017
18.88	0.013241525423729982479292348941875
18.9	0.013227513227506228828980151731475
18.92	0.013213530655381808646472592585971
18.94	0.013199577613512882899257255446812
18.96	0.013185654008442295794833449055529
18.98	0.013171759747098742950540805528752
19	0.013157894736853647276084949215143
19.02	0.013144058885366529891054963450947
19.04	0.013130252100828842566438340041899
19.06	0.013116474291713829085595936618113
19.08	0.013102725366871732101548960059304
19.1	0.013089005235584962035031934431622
19.12	0.013075313807517703646644841651932
19.14	0.013061650992682063309563039321984
19.16	0.01304801670145343283603773228557
19.18	0.013034410844627557453798291654026
19.2	0.013020833333324291087962962962963
19.22	0.013007284079097822355961586146931
19.24	0.012993762993750612318699636786955
19.26	0.012980269989604551514373818116988
19.28	0.012966804979243023751312821748937
19.3	0.012953367875657735778141695079062
19.32	0.012939958592110179505534623006943
19.34	0.012926577042403628602910168622095
19.36	0.012913223140491421066411674976664
19.38	0.012899896800821155866253585967184
19.4	0.012886597938144329896907216494845
19.42	0.012873326467550378766585953163542
19.44	0.012860082304517928612959858196865
19.46	0.01284686536484657524310899247127
19.48	0.012833675564683920889042553341007
19.5	0.012820512820490905106289721674337
19.52	0.012807377049158457347935142882738
19.54	0.012794268167854250630415629069415
19.56	0.012781186094064084361752697030652
19.58	0.012768130745641446195783917146004
19.6	0.012755102040794634180202693322227
19.62	0.012742099898054541556304408290305
19.64	0.012729124236256866640949169228046
19.66	0.012716174974541777873907288606204
19.68	0.01270325203253000755998413642673
19.7	0.012690355329906293213773437432898
19.72	0.012677484787008612460861801529732
19.74	0.012664640324209445862747291965425
19.76	0.012651821862307627426554552060625
19.78	0.012639029322521404134389644362337
19.8	0.012626262626236055844641703227562
19.82	0.012613521695193675470760558446808
19.84	0.012600806451602317870924384321887
19.86	0.012588116817681812296684377077948
19.88	0.012575452716234529915913995036618
19.9	0.01256281407027810745519894278764
19.92	0.01255020080314984838954210415961
19.94	0.012537612838505067190873858620328
19.96	0.012525050100210859260270708417503
19.98	0.012512512512418574730887043199355
20	0.01249999999990625
